2285139
1140859 7556
14356
12184
12603
5460
5043
108
5717
4793
628
13488
3943
1455
6618
8707
14160
9381
2229
5453
183
6643
6498
5748
8629
14637
3351
3814
5084
10471
10625
5381
12214
3057
2460
6508
3074
8175
12705
3927
8711
5579
5333
4111
12441
6182
13733
9679
2070
9894
9406
9715
14701
1276
14392
3277
8404
14998
9988
11332
9723
2020
10239
444
605
11006
6469
9863
3276
10921
12414
573
11007
1803
4255
13872
9483
2003
351
9341
953
14071
9853
9382
4430
6674
7817
5724
6569
12531
6549
5236
7421
26
14224
540
7818
2738
6690
8551
9617
6385
6156
12363
12045
3792
10875
11139
396
9939
6021
632
14124
3232
6029
3643
1041
3108
8506
2802
7126
13650
15086
8365
6379
11780
5374
6320
3488
14453
1091
5609
11129
5798
1076
10196
6375
12176
14144
11255
10549
4342
9141
10988
5058
11310
9725
1891
14609
4755
10320
6568
4744
8096
12323
3307
10873
10906
2274
6172
6587
7747
3373
12874
10540
9990
7791
8069
6614
8489
10313
14036
8343
13550
332
6309
2328
3997
12324
7618
7062
8938
8965
7343
11309
4009
331
1224
7183
5939
9624
3200
11642
3484
10550
6171
2880
7471
3031
4127
2587
8855
9973
5063
9487
1783
9437
9180
11710
1073
2059
5312
11778
12234
10372
5132
7486
2243
3009
14593
9726
9413
2534
9520
9519
9210
12235
1193
7803
14446
1222
9470
9836
2881
5082
6039
3452
1672
14686
1309
9814
9455
3328
8369
6083
13344
526
5994
10484
9987
14958
5560
12243
1057
1813
4144
9508
936
1250
399
7376
8931
4760
11759
4481
5168
9790
8818
2498
13917
7524
2894
1791
13429
1342
8389
2441
3040
4447
4131
10295
4344
8535
14543
3340
7307
12257
12700
11567
14961
13564
8897
1277
8426
14088
9453
9061
1144
9673
1412
13450
5756
14454
3985
9031
7068
9056
2326
8405
12706
3095
11611
13418
4123
6132
14773
3499
144
1923
8860
1008
5979
8796
6525
10879
8213
1007
7019
11585
4920
6986
5701
13441
6423
9677
3208
6374
373
8128
5667
10978
8753
6356
14983
3369
6361
7369
6106
2797
3590
1802
10433
13601
6881
2157
3407
4090
14117
13560
6842
565
5942
864
6610
13442
14956
7934
6612
7976
8856
1654
14615
8610
9257
6884
13351
2439
10385
8406
11101
12133
13873
7034
5691
3628
7357
10153
5435
11938
1529
5910
5268
13883
8205
14969
13664
9865
11893
533
14035
14550
6420
13088
14214
9975
8510
13282
3697
12994
7991
10825
1607
13783
4786
5576
7569
3205
6112
8478
12538
6687
9280
10085
9824
9554
2285
8178
5616
11264
3336
4101
13004
9274
1165
10716
5645
10900
3437
5468
7988
1131
1694
1052
4405
5955
2008
4352
8778
153
5553
12366
11210
14551
7640
12180
5205
9697
4319
3077
3065
9399
9374
9659
12482
7173
10840
3632
6079
2462
8633
9773
12360
12359
5952
10089
11840
883
6693
719
8378
9817
13833
2031
158
12507
8879
3928
14598
14604
10811
8465
7449
490
8500
8313
12400
5688
1669
6531
6931
5415
3944
14800
11885
5007
4505
1023
1116
4021
5443
11660
5996
14084
8713
9850
5509
1721
14402
1513
10997
14165
4286
7527
9469
1928
5661
5960
5684
6784
6168
7936
10769
12628
13269
3191
1995
1765
10561
2908
9029
8520
1767
1865
7342
967
13457
1873
954
5184
12499
314
7793
4487
8784
5548
1331
10241
14832
11166
13237
9355
706
12448
2527
9720
7844
5263
2461
14793
10764
952
9982
8174
6627
5358
8561
5191
7497
4231
1866
8172
7512
7860
5220
8850
10262
9555
2636
9462
3147
7091
10035
6409
8130
10476
6431
6064
13585
1268
2296
9842
1578
10852
9833
10971
7877
14230
12886
5299
14087
7557
8970
9893
8574
2957
11440
7792
9537
14391
2258
14614
9650
12135
880
8616
8967
5721
6540
587
3395
9516
8577
7340
6907
13554
13598
9474
11566
6387
13557
8858
845
14763
2465
6903
9680
7921
1794
4343
8137
8800
14445
8986
8894
3877
8499
10414
14219
7191
7123
10324
14197
362
8416
13134
8989
12314
14630
181
5603
5720
14167
12394
9196
5613
6061
4764
12646
2358
1697
14659
2849
2414
12364
8732
13655
7187
4225
11379
12285
10607
5370
3385
12708
11689
5511
3672
8300
14733
10557
5142
9403
13551
7861
9712
12856
5125
10940
2336
7295
5227
11353
7213
14535
4879
10342
12249
12042
4106
13936
5404
9041
10746
3568
174
8562
8812
13802
5702
14412
8482
12704
7828
7896
11304
1646
6338
3059
3347
9641
9921
773
12636
8757
5320
4743
14932
1113
1234
4867
14532
1127
2690
8745
14306
6059
4971
3129
9384
3211
5884
9383
13530
6186
5964
3832
6006
14133
2619
11676
7444
5363
4875
513
5920
3530
1275
2191
12743
4937
472
9752
9845
2698
2425
1011
12408
7972
9464
10972
8626
6847
2867
2634
3044
1039
11725
2029
5838
659
13049
13919
3127
13775
391
9356
13636
10150
6326
12576
9639
6764
9358
5164
15060
12439
13414
12286
6927
2275
14141
2654
3017
3690
2558
3910
3599
1196
3830
12016
11605
14710
12974
3198
12539
7980
412
13906
12557
15063
466
3907
3968
9913
7984
8222
2458
3217
14408
6697
6877
7237
6522
319
8934
13796
11889
1001
8712
3086
2629
12247
2346
12882
12154
11942
5459
13909
12470
1668
14143
6011
9588
631
616
4910
14566
13830
14119
8890
11405
2706
4551
4007
1756
1198
4970
9098
14700
12347
14797
12673
8716
3222
8944
9360
4024
2481
870
9744
186
6378
8891
3798
229
3450
5057
9739
7693
10813
10754
11855
13857
10707
6493
14835
6230
987
2750
8296
1285
11114
3914
12774
6102
3670
13800
6577
2545
5108
5677
4924
8533
188
2455
9979
4928
2974
5083
4668
182
7987
13669
5410
1259
8708
7841
10286
4514
1968
4662
13310
8946
1414
4134
1292
11410
3556
7142
5203
9428
4158
9097
11854
576
12284
1671
11433
1134
8480
7926
14115
14134
14128
4417
14075
9638
2079
14695
10837
9344
14699
604
12690
7167
6958
662
7783
14169
2917
8522
2466
4673
11357
9640
4660
3522
10836
13828
2840
5543
6685
14114
11876
13894
1886
8811
7807
13837
15108
1241
9856
9012
8795
9124
1236
11667
38
10020
14406
6217
11987
6142
7242
7289
1658
14779
6121
6629
13910
11593
7134
12785
6218
3614
9806
1943
1944
16
9249
7506
9721
6936
5297
5445
12489
468
12318
9891
10686
7401
3064
5922
9104
13468
1340
2700
941
1724
5925
14094
4066
1444
828
3327
8667
5567
11663
9687
7634
8932
3287
12963
3850
13518
9176
10267
5130
7411
9008
679
8326
2864
3090
9821
7606
13
940
7940
14840
12535
8927
491
14233
290
555
2034
3227
8926
10343
8915
3996
3265
6661
9011
7528
1622
4876
10253
14895
12971
14903
3214
3995
6195
12411
2480
768
8344
3298
9036
3203
10835
12518
7888
9007
5664
11912
5326
14517
2712
311
8215
8022
3621
6798
9934
8755
1867
6134
10075
7531
14154
1304
1382
852
6787
8497
3035
13214
298
14031
9212
3190
5685
6363
13348
7621
11135
5716
13856
5396
12012
14316
11657
5513
11464
5552
4033
1819
7353
4511
1473
8963
12750
10693
7380
8138
12129
3283
3367
12966
3601
11640
5319
5730
12145
4923
2631
13100
10734
10867
12216
10920
10907
882
43
1718
6246
7928
4855
7553
7959
5360
9838
453
5646
9927
2368
6689
9363
861
5331
5953
11084
1263
1980
10
1831
3097
9548
5010
11235
10869
12268
11450
13137
2401
9642
13470
899
10684
14207
3133
3394
6283
9279
11451
13153
3338
10608
6013
13809
5519
9943
3783
2823
11953
13869
5938
4694
6774
7069
1209
10871
9616
8203
8351
2520
11034
6814
1603
9803
7155
5617
9602
1385
12136
6430
6421
9404
561
2630
1265
10347
6850
13858
13874
13708
8880
12387
13753
11741
2266
8100
11098
370
6103
10705
1273
3626
1430
13929
6897
3326
3541
5027
14395
11018
2903
9314
7351
3608
3618
2366
3592
13767
8355
8373
5254
219
13637
4724
6777
3671
3674
14138
12132
7859
13793
9256
5689
11190
9218
1839
6574
12167
10328
13893
13409
1821
6444
12909
2926
14716
6293
5525
9926
6413
8609
5462
9699
13744
11671
13836
13947
10922
6342
3045
6185
1261
3178
13523
9137
14492
14152
3843
8190
8906
12739
10718
6015
11011
7741
10077
7521
11584
6429
12188
7544
393
9940
1038
9582
9698
14947
1181
12678
5761
3525
5185
8835
14565
12403
4903
13333
13703
3825
11559
1725
13241
5959
480
12432
2873
11641
8507
3657
6684
12664
11564
4201
12327
3148
13713
10987
13094
11048
3168
3583
3653
12052
12053
8432
7344
8153
3343
11097
5442
11010
11582
1693
5156
757
1977
9138
11796
559
11638
3013
7932
12709
12179
5170
12009
5231
14475
13065
10666
3058
1955
9179
1453
113
14235
3775
13393
13240
6073
2239
11548
4984
4422
13431
2933
6830
14883
14125
8924
7526
13876
7507
7250
5844
8000
6280
1962
4377
5621
11053
3849
7025
2269
8390
5001
6129
8246
1079
2362
5313
3706
13422
12416
12752
13732
12789
5796
11602
9208
8847
7003
714
9625
2920
10845
3772
11350
2375
13002
4926
12506
11070
3156
13093
12899
1533
11812
7683
3721
7922
6014
2670
1780
584
13681
8696
6945
5129
3292
2820
100
7548
14734
9851
641
645
3698
180
2696
4164
12010
2701
12233
12397
11242
14495
9118
2100
3931
106
3839
5600
14112
4418
12401
3771
14444
9916
9888
6896
6111
2841
9778
12312
11483
13007
1232
465
8669
12170
5407
7685
12910
7629
13848
7302
13964
10991
4337
9030
8723
1409
5648
5015
12631
5956
12957
13704
1484
3204
15022
2343
11277
3975
132
12777
12151
1166
7610
8557
13826
14514
4909
13536
2994
1524
14780
3787
1012
732
14139
10767
4842
346
8372
7398
9553
1424
12378
5461
9976
5336
4082
6184
4835
11207
14121
12783
9811
742
9733
1521
1316
10968
12967
11385
3034
12201
7668
8279
11370
3768
2927
739
13496
8267
11262
9690
13543
5046
1153
6551
14486
2518
14744
7323
989
5246
13373
13483
3244
7499
2922
1539
14608
10018
269
765
6628
3275
6639
12723
11300
13022
114
14803
7168
7724
6708
14735
682
2844
13476
658
9938
13205
12211
6419
3279
287
15105
3138
10779
9734
5228
13535
9808
3139
8916
13514
7547
5247
10281
13352
12483
12566
2434
6016
3242
1163
4684
4420
11043
8542
10356
264
11762
9009
14753
9658
6926
2394
9207
10042
3329
103
14145
3468
10933
7037
8019
3654
7711
1050
10934
12015
7760
2852
10846
761
10357
9607
2436
10093
1305
5928
11798
123
5201
14949
1511
13455
13956
1476
13785
3048
2675
7218
672
345
7979
9042
2720
14466
14346
7675
8886
8411
5494
1337
9668
9902
25
11890
12606
12293
6108
956
14191
1185
4894
10967
2000
5045
2809
9933
111
262
3140
7529
5455
40
2470
6938
11841
11711
6878
4674
12063
5618
11707
8630
11503
6664
99
7436
2542
15095
2061
9121
14458
2373
1722
11222
1879
6579
9777
12776
8604
386
681
13388
325
14419
1913
7355
6093
6502
14109
12173
10562
5762
3504
13581
12004
2879
7057
6271
7375
4121
12199
5508
3455
347
10672
14434
10193
1425
11339
12064
5802
6613
10862
13127
13679
13495
13762
6259
9760
4041
6501
8347
12810
10041
2009
7576
10485
11360
11037
615
9643
3339
3888
7188
3303
12206
13453
6045
11051
11776
1190
6086
12227
3371
8885
14748
4032
6939
671
13777
7672
10858
13761
4206
676
13067
11335
11800
5233
8578
13987
5927
10072
13599
1828
735
536
4427
12731
5817
8173
4955
11569
2680
12174
10860
343
7074
13045
11866
6596
12223
1696
2133
10509
11085
589
5048
12007
328
3030
14020
2911
10258
11334
4516
10553
11044
12766
4745
7002
591
10748
1649
11523
452
1087
13423
12634
13541
11772
10913
11425
1024
13591
13285
9632
14795
6621
13076
6157
358
10296
872
11908
1006
8283
110
3668
7525
3708
5061
8407
3253
14862
8647
10909
306
13077
13392
10424
8833
3238
10346
8329
3872
9261
8534
7950
1415
14865
13623
9190
733
5827
13047
1402
3053
1051
7438
14000
6625
1877
2878
7269
3967
11635
4074
63
8256
10908
432
6302
2509
10264
10460
14660
12390
12896
6994
868
13113
10377
11426
9200
4961
13687
5760
11898
528
2939
13199
10217
13230
14683
3803
11522
13201
13501
6233
9286
5013
10290
8353
5638
4432
3703
11563
3212
6150
11896
6057
7348
11658
14618
1897
13902
81
8770
10335
12107
4374
14897
1294
11086
15106
871
1416
1429
2717
5851
4424
1315
5011
10743
5172
8646
448
12679
10144
12847
477
8729
11052
10266
14467
271
2671
784
4991
10261
8185
7321
7611
9794
10307
8200
4375
2538
14253
14715
9362
3323
3236
221
14107
11340
5505
7467
5223
13117
10205
12415
14266
9531
1421
9238
12613
13851
10841
14944
10966
13274
2127
2128
11082
3308
3824
420
4183
13315
11988
11215
14582
12125
240
12106
9422
8772
13882
7703
8940
12907
3474
3693
5650
3922
3667
3357
8104
6165
10315
14086
13154
3565
10559
10366
13225
7023
13171
5700
5777
10755
7382
12445
8841
586
12263
8278
14859
558
8281
10177
3793
3718
7205
9301
2871
8950
1291
14950
12515
7024
7709
11656
12267
8957
6191
7745
1321
1266
13467
12320
13015
11458
11197
2860
11934
7890
5139
7748
9267
5387
14866
5257
13167
3072
11436
3845
7378
10915
7996
14147
9135
234
4289
14516
12259
10700
11861
14292
4071
9518
10587
726
8806
15000
11939
3392
7779
2016
11784
7924
6692
7935
7101
12082
11147
6905
9266
12854
8555
13005
10329
2768
4816
5345
14423
13247
2603
3905
11485
10452
13209
13336
2989
50
5486
8231
418
9322
4827
3429
909
5092
8849
2112
6301
13082
9847
5096
2194
2218
13944
3781
2615
5472
13019
2734
5490
13194
6222
493
8418
6552
3027
6800
4351
11804
4517
11649
5863
1470
7702
3210
4805
10876
14828
10376
9415
7542
5614
3952
12860
3412
14449
4094
4856
11825
12685
9448
10374
7227
11377
374
5049
9443
9788
14979
13726
11612
2566
11326
12254
2449
9209
5913
12330
231
15031
3799
3807
9895
3756
2645
10317
2677
10448
14199
4463
5295
11188
14059
2051
9052
4783
7781
2599
713
4157
2613
707
708
5485
3639
8966
2147
8908
5365
14103
1640
9772
9796
6818
14186
9654
10503
11435
9662
2681
1564
9892
12251
8193
10865
9660
9389
711
2757
12253
10633
6808
7744
4735
7549
12822
10945
5385
12902
5282
2960
5867
10731
10545
655
7146
10136
10251
7708
7427
1214
11286
5636
11607
12183
7751
13464
1119
11089
14099
14077
11746
6691
2216
9977
9294
3724
2853
12255
12541
6306
8049
1125
2886
2557
2561
10052
4999
2447
4267
11771
8251
7281
4596
2421
9357
1212
5966
11490
13163
8434
2448
6244
6601
216
10946
5506
4740
9431
9757
9132
13842
4792
7567
7495
2224
9691
4778
5683
4697
7905
2859
4015
6805
7561
9600
1903
14182
3921
14102
3577
7011
9359
2476
7042
13312
10614
13069
11074
2338
9302
10178
12424
14202
10868
6859
1611
718
9538
14204
3828
633
7163
13298
5040
14758
2596
4592
4559
3593
8912
8981
4548
5342
10190
2716
3448
14271
7008
6729
2189
6354
6489
4359
4587
12396
6294
8334
4464
11230
8913
14203
7963
4634
6889
6001
10542
9283
2119
218
1810
7318
13647
7635
4603
1283
2093
2196
3811
2206
3846
8325
8876
1741
10547
11795
1893
13424
3418
3480
1102
1644
11958
12828
14441
6098
6114
5835
13937
13804
10242
7804
11787
12311
14274
4407
5805
14954
9884
2399
280
9211
6323
4825
6872
7020
6209
8012
3610
3466
6544
9347
9340
9472
13332
788
2304
8319
11947
1359
12329
12142
7907
367
7572
2815
10502
4195
14002
3120
7583
1952
3370
10475
6538
1058
10647
4410
11763
10358
12149
524
7048
3415
13367
14704
2667
10498
2595
15103
938
14397
8395
7535
12422
8449
15027
12946
4810
14092
6860
7439
485
8657
12867
10154
13138
3007
7565
14212
7913
10467
3725
8830
1310
292
6290
14736
1380
10664
10973
11718
8247
10591
8508
6983
14896
6803
14726
7914
14705
8133
542
4677
7733
10543
2179
11062
15048
12028
10601
4171
4815
11174
10690
5932
10240
14889
7306
6858
15110
14784
1793
2597
906
7513
12561
7842
7121
15071
10378
14420
12205
5808
7785
10391
10186
8136
10416
8988
6846
10436
10078
4678
4689
6980
7641
15064
1406
7490
12529
10202
12108
13056
8964
10727
6225
7432
9456
7431
2662
9536
2966
14929
10379
9844
14093
2098
13850
4257
6315
13166
14764
9477
1628
3409
7408
10350
6343
14658
6984
8252
2032
8828
2144
13053
10199
11123
8113
1120
2184
4241
5623
8937
1705
9608
11122
7006
13255
3602
2515
2149
3889
10058
7197
9730
8829
2560
4058
12250
11930
8649
2213
12137
910
3257
2959
5704
11293
8774
4474
421
11774
2563
1448
15001
13061
14363
14249
7643
1397
3858
8658
9596
5856
8983
7808
8824
6542
4200
8154
7880
15073
7637
10660
10534
2593
9054
9045
2045
7231
7229
5764
13142
3423
11826
2254
4688
7359
12440
2125
7313
14217
3917
1568
3875
5752
12632
8400
10369
12224
11058
12873
3635
4280
14893
12848
8503
3123
10533
4540
7755
4302
7986
12864
6206
8832
12626
9336
950
1369
1460
625
10496
3727
7831
11381
12640
13111
7505
11745
368
3662
12295
1773
5992
5780
7638
14425
4838
4729
1213
1653
1286
4060
3124
9000
10120
2217
10652
10574
6964
8592
4702
8117
10646
6820
4230
2389
10405
13462
2046
11859
1295
3620
1751
9945
10571
4769
9226
6937
10437
10000
4799
9898
10598
2585
6796
10061
1004
4700
7681
9867
14135
2186
10634
2183
6570
10411
5558
2174
7204
2565
2052
13039
7150
14999
10326
3893
6219
2501
9615
7722
1556
723
10319
7973
7696
11783
928
15065
11409
5251
4180
8223
12341
9688
5842
4803
4789
12252
11030
1399
7448
3411
1698
5800
5423
3228
2131
6223
13136
4353
2678
4839
932
14012
8250
10715
10383
3247
11113
1708
376
1085
12117
1101
7943
54
1171
9334
8102
3256
13563
9732
5841
7262
5479
1103
7757
5352
8865
8863
8864
12616
13198
2214
11886
10897
12382
2220
6631
11606
4981
15070
5154
14491
11785
488
120
15075
11877
7833
715
7737
6062
2055
12498
2973
11979
12904
11322
14295
11418
11151
11206
10367
10179
13863
7667
2975
12027
301
15042
13335
1026
8363
4725
9173
5386
5469
10880
1789
6779
8939
9080
7537
14193
13504
9708
5217
2856
5659
11347
11969
4365
12741
7428
2799
14303
8386
10438
4797
11858
7440
9364
13372
4373
11915
8733
4483
9262
6806
3979
4754
1017
13074
5816
5018
7223
9192
7451
8396
2635
9371
4290
8958
13320
2185
12745
6299
6292
8721
10338
6507
12990
1106
2862
10173
13522
7644
7453
14043
7334
3579
4284
10368
6890
2733
8807
13064
8921
14255
3597
11229
4050
4703
3770
2049
2204
14922
14201
6056
13249
9425
13057
14184
610
5484
7072
7843
13055
10950
14179
7875
1740
11276
9321
7047
7540
7738
1716
12614
9655
13492
6770
4686
4212
8546
8661
1512
13845
1381
122
11675
11972
11154
13129
1959
5559
2776
10760
10228
8495
11124
14387
3637
13170
4433
11752
5025
8995
4739
4285
3036
7294
10749
12248
5160
12383
614
11120
5568
5481
10389
1143
1630
7032
6500
5593
3408
8801
3171
3913
7820
11383
10114
10457
7910
14501
294
8984
12547
10827
13359
4088
14942
7124
2777
14380
13923
7823
8421
9067
14308
2440
5821
14038
4731
13155
14906
2732
10980
10538
3122
10183
4696
14418
11411
15101
7873
11205
6353
1761
5570
1092
10537
3424
8914
7137
11290
8403
7920
237
14571
4064
13296
3297
11132
983
14923
6707
8676
10398
951
13185
4777
7777
4699
8255
13764
8677
7639
8099
5961
6985
4891
11138
4757
8259
7265
11161
12443
11102
4446
8288
12831
13000
11756
2365
4749
14254
13253
583
12528
1161
7211
621
2378
5853
5878
5054
11754
8545
2024
2607
7895
15049
15100
10771
10590
12370
7374
12164
12533
5846
10192
9983
4939
12300
8785
1620
11520
2598
3494
11892
912
2642
14381
7179
10227
7253
10050
4297
12019
4170
13293
14474
7906
2910
6967
11318
14993
3714
3677
14894
4028
955
11621
189
911
12869
4219
13304
7571
14438
10505
1218
6101
7492
4026
15079
2689
2775
14844
2467
7918
1715
13935
8782
1981
14974
12839
10572
8120
6324
1180
12781
117
6823
10956
2134
1634
2424
13700
14706
8852
1584
10417
4521
10979
10800
10802
8382
12310
6245
6053
10662
13173
8108
2789
2187
12304
4606
6826
6274
6273
14460
9131
980
8038
1571
4823
1042
7084
2268
8719
9064
8076
7258
12084
3648
10661
2104
2282
1830
1560
1563
3164
10653
8566
7600
13314
11075
10551
4294
14873
13674
14268
14771
4401
11349
1915
6969
12698
4186
1431
11219
1932
6458
6337
8903
1059
10140
4896
5834
7189
13150
7249
10798
2623
2763
14839
8027
7894
14966
8662
3719
4393
14921
15007
1936
6439
13615
13921
7327
2316
10532
4191
10390
785
13264
13271
11480
12101
2094
14962
3575
5790
10732
4899
9268
12645
7919
13489
1572
479
3001
4611
2929
11941
10364
4338
10176
1178
10038
7450
273
14776
2916
3335
14342
5035
7177
6744
6758
13968
5786
6749
14215
6176
5480
11619
30
4558
2256
6721
804
11525
2164
15003
7968
4193
5852
7995
4073
6971
11700
2428
1998
10137
1123
13447
2155
360
14237
13410
11530
2210
7694
1566
13577
12943
5044
14053
6058
11348
1583
2719
9568
878
13459
3281
10046
160
8791
13477
3011
10091
2925
14805
892
5975
10005
14846
9503
14065
5147
7447
6747
464
6072
470
2318
8612
2323
11545
5528
648
13887
14413
11721
14297
1000
1324
2123
6038
235
13329
171
12417
4888
12814
12784
11327
3094
14718
392
6104
10231
12665
11156
12758
11346
13454
4272
5086
5465
9572
5496
6819
4806
4895
6128
11716
5871
7769
6829
8140
12742
13307
7878
9683
9392
3069
5031
14766
6778
4726
12475
4968
9372
3776
11071
13939
4510
1924
5402
4355
9964
6417
6608
1239
4884
4252
12748
6526
992
4758
5967
8793
9801
4347
14624
3763
1662
8744
13473
12988
10593
14205
3170
3267
10648
11042
4047
12649
14046
13130
13992
14345
10588
2554
14047
3737
11623
8942
14545
458
4107
6752
4641
8408
2773
11535
14424
14209
10421
5273
9018
7410
13123
11160
3223
14738
14553
73
5366
984
6879
13607
1228
8679
10026
3436
9854
10595
13697
6462
12666
124
4177
4547
10382
3700
4549
8980
10524
4534
12812
4273
7911
2117
14376
9039
10515
6234
2211
11714
15051
2102
8873
2897
14806
13572
9828
2865
14405
15062
9786
5487
7147
5029
2692
13054
10469
7909
9156
7280
6256
2718
5023
7314
15047
12958
8339
11998
4779
232
11153
15025
8586
4722
7851
6050
5517
13278
7151
11126
4383
5850
8919
13512
1749
10959
11461
9768
11375
11810
7443
2122
6655
3354
14989
9409
9989
5327
2694
8728
13073
3977
8585
13071
9013
11849
2770
8003
6607
8161
8148
4292
6812
7603
4791
5861
6190
9745
13480
8445
13038
9917
7590
6188
886
8691
1973
13673
10083
2230
13465
9397
3988
12950
7164
14725
4947
8217
2078
3393
11372
14526
6913
10702
497
12537
8681
2050
567
11597
8455
11363
8993
6370
13727
1596
6076
11967
437
10899
9709
4767
7993
554
4770
13717
6772
9259
13690
8287
2898
4787
11811
9991
13396
14858
14299
5432
12852
10064
4495
3460
6645
14025
10076
9452
4708
13189
962
11131
4922
4683
5931
4693
6773
13233
14421
2832
15
670
6815
4802
6831
13268
1822
6821
9269
6189
245
4709
11986
13143
8501
8949
4413
4723
4108
13215
7228
3128
13925
353
3926
11073
179
12836
118
13251
13358
8746
1974
14009
5681
2885
6105
13879
13386
10844
2195
14749
14256
4713
12792
1062
1290
7551
11723
2471
5583
6404
9981
3533
14039
5491
12190
5723
3454
8844
4269
4388
14559
6362
2237
3006
12454
6788
6027
6767
6683
4046
9433
11396
13738
10829
12455
14820
1111
1979
9304
5901
14185
1396
12384
15107
2896
14070
3481
14616
6672
14801
1164
1272
6382
5577
6514
12380
5983
5881
3005
3442
2617
3278
12335
10260
13731
6530
8422
13861
8433
447
8139
2996
14842
11184
2522
13799
7848
4025
1573
5803
6651
8308
11241
3661
11617
10939
8122
12178
2508
3973
10892
12688
1077
9147
4154
4174
7371
13760
2843
12194
7100
1418
1238
14768
12322
9750
14769
4096
5207
10032
692
3029
4142
14497
7389
8123
13914
12226
9591
9544
1609
2730
11664
5110
4675
5546
8192
11303
8017
5214
9367
5215
11697
11263
11093
11884
11698
3617
13444
9233
12653
3578
8260
9675
13498
14830
3482
5982
1063
2303
2546
13698
3638
2611
6602
2693
10292
13706
12942
10272
14257
2077
1080
10086
14692
3941
13558
14113
13211
9781
653
12138
786
5382
2883
12109
13808
13506
9718
457
6390
6391
3520
2472
3157
348
1855
4065
15039
7087
1587
10717
8805
13013
6575
12504
5754
3819
10225
1280
14509
574
12005
4051
11531
1293
11909
847
14767
5575
11167
637
11511
2021
10694
14023
12976
517
3070
14007
4406
14941
8636
3469
11054
3378
5627
14955
10977
431
1054
4423
13818
1056
9765
9575
13729
7005
12128
12301
12141
3983
9473
2556
10441
10703
8361
13196
4679
484
5696
8461
8602
2976
7829
11773
14369
3986
5918
577
7834
6346
8298
12134
12969
1989
6934
11032
4494
12975
2674
14794
6894
14935
2833
3126
12778
7545
10784
4022
10951
2848
12331
6197
7750
4738
13531
9391
4820
2616
11170
8922
12479
14096
8274
258
14156
14187
12794
8651
11328
9203
3576
5344
6037
12477
13511
9315
11384
4824
10752
12724
12354
11468
11750
552
13370
11632
3162
1404
13617
5587
8327
3043
12398
4175
14937
5020
14746
10589
10952
9574
9818
9576
12476
8448
9835
13537
6394
14724
5383
12654
5473
12939
3024
856
14694
9735
3092
11233
2532
11832
8245
4819
2983
12952
129
14400
2868
12102
7226
13573
8424
5495
11103
13892
8540
8635
9447
13798
13374
3560
11882
12891
445
277
13668
994
14953
3942
13006
2124
3176
11911
4013
8976
5499
5812
10243
4366
7625
3735
13942
3517
12123
11834
14613
13128
6701
14880
6351
11906
11491
5198
8368
13122
3779
8527
13371
1498
4892
12193
9605
3268
3760
6147
10819
12938
13948
8831
11183
1312
6077
3028
11130
2945
6828
8376
4940
13210
5551
11457
211
5212
13145
3075
14682
9476
2697
429
12350
7771
9300
11835
10901
9290
13291
2621
3959
5419
10170
2620
10203
3950
7460
9312
3640
5653
238
4084
74
7671
5418
7719
6314
942
4522
6871
2962
10985
10273
7624
5595
4035
11792
12570
11793
12689
1183
1651
1843
9848
13787
3447
11933
4119
8328
6495
8548
3726
4124
9795
9696
9840
8544
13735
1104
14677
2639
13538
12421
12110
155
885
6914
5957
2177
4529
4249
13540
9849
14668
426
7992
11624
9731
6961
4771
10863
11846
10298
3273
5174
3305
9134
13112
12520
8025
10842
1744
12751
12114
10493
4421
12610
13533
6915
13300
8167
6473
13200
14796
5886
5321
13509
2847
4301
10462
84
4159
8620
8619
6051
4078
2892
874
12328
6127
7266
9307
6482
13270
10492
4425
3300
11766
13750
10479
2202
11863
10185
10341
5620
2943
14192
6089
7286
14469
3585
5224
10468
7446
8675
1869
3250
12513
2687
6813
6371
5493
11380
11208
7627
11867
6648
5510
5417
3183
5118
10431
13755
5153
2901
9235
3356
14100
1257
6115
13561
10444
7239
2846
11038
11839
13115
8357
5924
6383
2816
14754
10297
10113
6100
6527
3325
11040
2395
6615
1445
3852
3050
2083
8968
1040
1016
7435
12032
13816
5849
10393
10861
541
3965
3270
4765
6977
13723
8877
9310
1189
12353
6635
14500
3111
107
8164
13730
11369
8961
474
14740
8345
13952
8773
7403
4954
15055
3676
7088
5811
10172
10255
5554
6117
10859
6287
14082
11185
5016
9183
2877
13526
9792
13500
6663
10355
3507
10066
9123
14712
13924
7660
6177
1876
3594
3595
379
13606
15059
6676
1824
8771
9763
2944
5784
10081
13503
13046
1856
11600
6078
11626
734
9288
10325
7076
3919
4043
2980
3152
4532
6445
2236
1048
12061
3229
10254
9800
11031
3372
41
2329
9686
5880
3831
404
10397
7475
8429
5923
10947
2992
13945
6611
4471
1005
1707
5797
5785
6483
7554
13622
1015
1095
3702
161
10581
14241
12095
10793
1927
11311
5615
1025
9049
2028
2660
8709
7396
14188
5744
11212
6405
12058
3813
13618
4717
37
241
5649
7887
8456
4918
6541
9695
1281
10246
3684
13927
7882
10511
11935
2006
13768
7977
13430
13646
2011
11814
3964
2872
8560
4057
9799
10508
14470
11390
18
9791
8262
12951
7422
9309
4944
2238
4034
3161
4996
10573
7454
2089
338
11364
4732
5329
9140
14573
8625
14747
14089
8907
5213
4930
10277
2559
4221
395
884
2404
2810
7461
14643
4054
11162
14026
14370
5032
8393
8918
14040
136
3797
6364
8317
9450
8498
2949
2076
13025
8127
2530
7530
5216
15050
15010
3505
329
3587
2904
6662
11059
2370
8160
2951
3682
13527
14488
14711
3490
2541
12011
3486
14709
11735
2464
11319
4080
2168
7604
372
2025
7739
11474
14105
1827
9216
13288
11400
3529
9664
9756
6163
680
6110
2002
3857
3234
4321
6162
12258
8163
6160
14459
11168
125
8168
1884
1197
2972
12467
9857
3705
8285
12239
8272
9741
9714
5405
483
11041
11214
13042
2198
9458
8911
2638
6929
13041
4781
14662
1969
6659
10854
14834
5694
13840
14946
3248
13187
7626
5556
6700
279
7130
14311
2684
12001
3319
8275
3260
6432
4986
11321
10778
14478
14455
3555
1200
7866
3961
323
6300
8686
7161
11897
1318
11497
5741
5012
13831
11317
14079
5334
3288
11189
4742
6783
11389
7511
14713
3259
3112
9742
8687
1758
5697
10087
11614
4775
9423
449
6801
6452
6349
9830
9925
674
9379
11944
8169
5101
9109
7813
4167
10706
9343
6063
7734
3483
10407
7462
6036
1655
7706
4477
2764
5014
2528
8642
1287
12348
588
4146
7341
8225
2874
14131
5773
535
7339
4117
7971
12639
2068
10912
4830
8817
12021
5670
1938
1618
13784
12683
11813
3547
5993
3664
4467
7560
13999
651
11801
4466
187
377
6695
4000
5937
341
6653
12582
10757
14729
4125
12077
9305
14530
12026
10082
9648
12119
6900
5936
3758
9178
15102
677
3773
3163
9354
11655
863
2905
3820
6476
4468
1549
580
7740
1544
11519
10106
627
230
5970
2429
504
11808
13643
4907
12720
7687
7336
652
5456
5590
12526
8439
10023
1495
12759
6010
7652
8289
10597
3315
5606
6017
13699
6380
2614
817
11715
8237
9486
1632
5750
1174
5357
13593
642
11099
5284
585
8607
10236
13983
10628
12782
7765
1248
3333
7367
10814
5541
5392
12237
8387
12584
499
5547
5077
10068
5286
11518
2482
5875
4328
9023
12590
2355
5340
13954
7673
3014
2331
12453
2408
7517
13323
9843
10888
9493
33
5124
6372
7381
14617
3381
3646
2381
2176
2817
8234
777
11001
2845
12332
14365
5120
7361
9213
650
2478
1142
3131
9585
4110
10167
5406
5111
7425
3878
3948
630
6020
8523
11145
5571
7850
8059
11481
507
5197
9313
7865
9496
2727
5278
5249
5189
4985
10962
3609
11150
7857
14050
2040
2005
7607
5807
11683
12430
2004
5279
5242
14285
11758
14824
13659
6
13610
7388
14021
10039
1129
2319
695
13719
2351
6268
6141
4091
14589
11250
5973
22
5271
12291
13432
11996
6893
2438
2398
6698
12336
13635
2199
7605
8417
13754
1661
14238
13608
6118
10187
2463
11022
11204
6178
14393
11401
6227
11217
7301
6123
2612
8051
6311
5117
13384
10147
1035
13203
836
6254
11588
13812
13790
13478
8821
1800
14028
9502
7324
2126
14483
12098
4126
5692
3432
13932
6679
6670
1346
12097
3166
12948
3175
12599
13993
12159
10204
1591
8134
12068
57
12915
12987
5138
5200
4711
13973
3769
5605
3332
1403
14372
7580
1785
9592
10051
2427
12161
3511
9223
8766
4704
14477
13548
14359
683
14426
6207
10090
12579
8001
11726
1736
7394
8617
2108
3103
7232
7869
9875
8638
5889
2858
3681
5281
1505
531
4994
12089
1094
6005
7659
11108
10098
13030
5439
1676
10994
3439
72
2371
5087
12575
2657
4870
5974
1350
383
889
10807
388
14267
2758
2649
13266
10069
3510
13594
7515
12757
5397
12419
6368
6738
4607
3107
4952
14990
14361
1950
13756
10803
5378
5195
1486
5411
1600
5412
9166
11888
1301
8920
3443
5471
3296
4965
11651
3067
12733
4616
2353
12551
9753
8053
14443
12914
4029
3016
5115
566
11194
1500
2250
1341
10905
11650
45
8070
10955
12924
10824
327
9959
3390
11517
3887
13257
14847
13665
10627
14673
5104
831
2876
5868
7516
7482
9601
12092
2277
1926
3528
12340
4619
6416
11496
4386
3099
8672
848
3818
13003
13275
4900
1801
7430
13600
7598
1861
12768
11501
8929
2348
2387
11223
4635
3833
10413
698
6436
13104
779
14013
7608
1390
13234
10108
10527
4299
965
9498
13124
5303
11414
2294
6468
6334
13347
6278
8043
3886
1629
781
13103
9088
13080
1138
4960
13267
8954
4239
14970
12811
5622
14332
11268
12953
11878
1027
7337
9133
11622
2663
3401
3079
10560
917
5847
5809
14305
303
6355
6249
10104
8556
1300
6968
5917
7110
5414
11695
3187
14992
12172
12333
8580
2307
1912
9499
14045
9877
1720
4426
2306
725
3951
1480
3380
12238
11021
5705
3304
13823
14063
4456
8239
10942
12945
3680
10651
2259
13403
9948
13779
47
3010
2536
3008
5079
809
12473
1934
14781
5390
904
826
1688
921
966
3535
1432
8214
6261
6870
5997
13412
12573
8955
10599
697
6710
3884
4457
11743
13440
12761
4528
1456
2390
6032
1904
14557
11994
14198
3477
10792
8209
3523
4979
12597
12832
5804
14891
15053
12648
4296
10728
1446
8666
10486
1971
8595
10526
8320
6733
4325
6272
8073
4356
13769
4560
6723
2065
8726
10975
11020
12264
10222
13791
1624
7368
7059
9048
1918
3885
4416
12647
12289
12002
14783
12804
11980
14681
4271
13996
1154
7870
13029
3446
13824
10546
8211
12803
2234
6566
8945
12236
2739
4698
12371
821
3874
2426
3895
1850
778
6418
4370
13930
6486
9078
11296
3692
13063
5539
6933
4394
11288
1377
1317
5315
7773
10126
14674
1225
547
4585
1075
2729
12326
6606
6397
1966
3500
3701
14845
9492
1347
8348
14538
6545
1408
11940
6519
13649
7284
2606
4915
13616
2388
4451
6990
972
4198
9535
5241
6247
13613
7257
12878
13986
6400
14850
11529
11966
274
1124
4311
543
7856
6238
2993
6754
11121
754
7131
5749
4576
7690
9253
3841
8050
7049
4147
1536
6766
5314
13162
6709
12023
6505
8362
13695
3538
8064
6251
14605
8156
981
6957
10501
2281
7255
14410
354
12192
2151
13780
8009
8034
14786
7655
10506
15004
4320
514
13967
10426
3935
1167
12208
11924
2576
6954
14242
10612
7588
4822
13672
6835
5949
7837
4657
6761
1900
7263
4620
6731
10974
14756
5372
8219
1021
6018
11495
8086
10577
13343
12659
12385
13085
10976
12901
6996
11591
15037
10336
803
7291
1811
4141
7104
6434
13807
6211
10446
8297
13102
12375
11254
14278
4450
4465
8526
2573
7424
2505
9093
6457
205
9599
8181
13922
4376
11159
8016
13691
10507
1901
7333
14960
3537
14918
842
3834
3606
12830
7070
9292
9515
4217
2072
7391
14874
6466
10643
5526
11416
3534
13218
1032
1020
8974
8248
13319
14300
14872
14925
1770
3119
11595
1914
6582
11836
10293
2420
4194
3475
2110
8569
7458
3686
13322
1332
12618
6340
12186
11627
11513
14641
2575
8147
13294
4165
4530
89
9610
11694
4905
12605
6792
13086
2469
4006
8021
13202
2141
9623
12041
4187
4644
6318
10698
4763
8948
8442
6717
12527
7277
3835
8056
11648
4378
2794
11949
5991
14831
11950
3859
8645
4589
11301
14037
2997
12051
14988
14490
9416
14302
6336
1245
12306
14924
11693
1140
4402
2653
4277
14792
11055
4639
10857
2265
14247
6521
8869
4593
9873
1771
3658
2702
10640
6715
6282
2726
4275
14841
13844
8010
2091
8029
4601
7192
9091
7612
9151
203
10334
7050
13292
9517
10299
7360
7775
13301
13466
2137
4236
1525
12744
11692
709
476
4577
4865
1747
12865
6901
6604
1739
3796
11706
8652
11875
9883
14987
7853
4890
3731
7649
12868
1579
4628
11598
2725
1067
1772
10232
6205
1211
4602
10408
13714
3624
14854
210
9407
198
9092
2468
7731
8188
10380
5199
10735
208
8218
4348
6605
1349
4005
4334
12220
4932
10332
12749
12494
6598
4612
10001
9107
215
316
9328
282
14855
8868
13090
2930
907
9155
3808
1663
8697
6348
5533
11392
9159
8870
2260
5725
8409
90
1074
12820
1036
11970
11733
8837
841
14928
13950
7891
1088
11984
12085
1269
1368
7925
7206
13212
3694
13380
8436
4849
2300
1229
11422
14976
2987
14270
4333
2136
11538
9130
7787
9387
12466
2866
13277
5262
1857
7704
12695
12770
10536
5840
12850
4103
1820
2931
5425
10821
3900
3901
13877
1919
10853
8668
14815
321
14875
8143
308
593
11728
1633
9158
9872
5833
8112
3987
12821
2219
11943
2203
1072
12131
7272
5793
3751
4622
1227
2118
1367
8097
5806
3431
2753
4844
1122
1322
4443
14991
4326
10161
10310
8898
3634
1815
4478
4268
6559
359
11827
10149
1451
6763
295
291
6291
3755
4569
1168
2403
8129
5625
1680
820
2039
14321
7132
696
6795
3430
7774
9219
3660
8969
3752
9986
1552
7579
13633
8314
11991
10174
10220
4834
7111
12465
4149
9255
4983
7066
299
4811
8472
2659
12481
8515
6533
6876
780
2496
5630
5351
14920
1660
11012
14919
8105
2485
4813
14876
12717
3802
315
4226
3805
6756
9326
4845
11176
2105
1996
10473
2160
9021
11486
4190
13979
12546
9337
12343
6237
2760
11578
1510
12160
11295
2782
1975
7686
8040
9148
10725
7941
12168
7052
11917
11977
7102
4661
8589
5393
10155
14732
4461
7743
3822
1501
6720
8644
7159
4069
6332
5252
12772
11196
6855
2352
11995
5908
11644
7656
3402
13299
9002
9353
4263
15088
11253
10156
14544
14635
4663
11312
5353
5091
6243
13661
7194
6906
8241
11323
1535
10365
7917
11297
14977
1846
13915
3003
11857
12472
12834
10639
7570
10683
10116
4156
5639
8014
2932
8413
4436
12818
13565
8779
10701
7489
10568
11367
6728
4624
10712
4504
15090
8066
14762
7209
10556
5467
14959
15030
13283
7156
11366
8005
1844
14163
15080
4643
10575
15034
1252
11613
4202
255
13325
13159
2066
1029
12244
6886
13475
7802
10680
223
4934
14913
920
8601
10885
5985
7726
2417
4270
6240
13711
7214
7140
12740
9022
7789
8384
1348
12512
6199
9149
830
2235
10360
213
5820
5783
11579
918
13583
11572
12344
14838
13752
10402
6839
4523
2814
9598
12895
14014
2456
4448
14244
6636
4485
12542
10130
6228
3627
2737
3054
6509
13334
7469
1439
4442
4220
8065
12281
7061
14911
13156
2786
12046
2330
13346
6454
13627
10122
7080
10539
6718
4608
4594
7252
6553
2570
827
10548
3817
8060
823
11454
7415
93
14877
2499
6864
11023
7259
2113
4490
1326
12714
10440
11216
8692
6734
11298
7352
12595
5116
10902
579
1465
12660
14645
849
6260
7153
11818
247
14333
6298
1217
10958
9117
4989
1364
6154
3838
14636
999
7089
8039
2676
5769
11368
7256
7393
14902
4600
14437
860
13990
14972
2740
1972
10142
12721
10583
4251
8033
9243
4160
15089
6620
10766
6401
6438
10160
13678
10207
772
15013
6510
2819
9488
4866
2106
195
12876
13975
9100
2477
10387
13989
2276
13190
7728
12955
6296
10925
13795
2322
14910
13994
11963
8530
1586
5781
7838
7141
11164
10519
4881
2057
272
9014
13365
14719
4649
1686
14731
4526
1781
1678
7609
8682
1330
7483
6736
8743
4651
5859
6757
363
4570
11803
6437
6853
13656
4398
9086
5770
2574
8116
12175
204
7480
3441
14981
4883
8179
844
6200
4441
13640
9222
7650
207
13110
4631
7347
13675
5950
4155
10322
7797
14161
7261
11428
8621
4646
4948
14930
7955
14680
11285
12769
5767
4614
14329
3749
2669
2287
8338
10650
6854
10331
10312
4213
2101
10961
12210
4227
12158
10117
5898
12937
13433
8036
4315
3397
14690
9318
4599
8024
4395
4654
10786
760
8810
5532
14997
1858
7135
3883
6463
1366
10613
10216
12933
1685
7990
14647
2221
11864
3896
7682
3066
5713
14799
7416
9089
8187
4240
2244
4148
7270
10294
12880
8777
771
12020
10218
4438
2193
1449
199
8042
14994
609
4648
930
13107
11417
4502
1477
1109
5113
14051
9066
10828
7942
13696
8474
4647
12279
7901
9246
13144
15014
11851
3645
704
9626
10123
2830
6856
7320
12732
11744
12702
11919
14263
7816
5792
6982
5080
5081
2264
7219
6474
14679
10761
4715
8084
13236
5098
799
87
4733
1614
819
10054
14264
14727
2332
5099
14447
4882
7015
12048
7190
6329
7195
3936
14597
461
12232
5075
339
9566
3082
5187
1462
3083
5065
11688
5892
5362
5171
13443
4615
6742
5302
10522
10309
10919
1592
7271
1173
8126
5275
5399
1237
9909
12892
5305
1540
4706
1240
5181
1806
4992
5675
3573
10586
6534
11270
9910
14525
11575
14416
509
8704
13027
10928
5854
10470
10188
7981
10394
11687
9954
13995
12198
4305
13125
12997
13235
1060
10036
1784
5100
6288
1635
797
4222
12039
13219
14010
2954
434
1458
4734
8825
11918
12438
11824
1546
14029
1835
10796
13059
1447
1302
1602
6624
6722
1509
10458
9072
7931
13961
12817
6396
947
11427
10938
13280
1576
11820
2297
13097
9027
12196
1597
1479
6671
6475
257
9316
12947
86
14357
11228
14262
6750
4630
11618
661
12786
14054
9157
730
13821
2741
876
9338
13289
3650
12911
9905
6198
9506
12934
9059
10963
10964
14338
10886
14912
5070
14317
6759
4524
12339
6484
2791
11258
6825
4568
4637
4584
12790
660
10396
8761
6885
3101
6532
1997
774
7370
14364
4707
5316
4821
4542
1132
6335
2286
9957
5869
925
1345
5712
5391
10710
4469
7573
2622
10482
10722
6594
6716
2582
11789
7356
4098
12099
11925
14632
7160
3493
3399
10158
10474
5308
253
2247
12844
12130
3471
9128
9542
13759
7983
11063
5905
2626
417
8135
10616
10432
12823
12620
3312
9510
12696
12699
2658
4859
11096
4203
14057
13035
6030
3665
4794
5244
5243
6714
12815
1450
12923
12893
11871
11388
12442
10596
12773
77
11399
13792
10623
12919
12712
13472
7041
3862
2891
14560
250
4656
10021
6034
69
1307
5904
10016
1608
12240
4967
5900
11742
10057
10585
28
11144
7473
2248
3142
12036
11616
1935
10937
12040
9611
3110
5076
14818
1990
121
1577
12374
9495
1506
1133
4503
9629
61
4973
2721
5775
10056
6048
6837
11475
9154
52
2895
9593
8765
7203
8892
7330
7013
8763
1703
8701
1503
1641
6743
6589
12469
7012
2063
7082
3334
5409
9743
7202
14633
4204
1362
7113
3115
12918
4500
2245
7118
5324
5323
945
12805
14547
1805
7377
11560
1860
750
9199
968
9186
9185
8295
2479
11831
530
1898
10602
4714
2938
7212
9521
8437
3202
3106
14558
4868
11562
13747
5395
13324
3747
1964
14341
9911
14008
3740
14691
7799
5408
9868
9571
3918
12034
14339
13084
11636
2627
10111
2140
7947
6951
8394
190
1467
4626
6748
7174
7999
6215
2314
2067
3536
1555
11790
9108
6084
1518
95
10017
94
14337
10015
9962
14588
3688
9565
12931
2384
4205
4976
9563
14436
12754
14328
7948
9567
9912
14324
5274
4555
12928
11565
13037
13385
14348
10439
13245
6456
12885
5403
10826
8110
7591
11546
11794
12229
3750
12930
12402
14685
9961
9562
9586
1732
13746
5710
2752
92
5987
9963
9590
5179
12456
923
12925
6235
2923
13032
13949
9923
5141
5103
13916
10022
8381
1490
1638
14373
12929
13547
5891
1598
6862
1623
7729
6453
9569
7849
7939
7007
12594
7577
3173
11106
9351
3860
9228
3734
6411
12989
5733
9557
14639
9350
4536
7420
14642
5371
2073
11533
14978
3713
6289
13959
9198
3311
5897
9860
12651
2822
1360
14349
12140
2704
9068
5000
6327
9583
1562
7208
14625
8233
10012
8081
4988
1126
4737
5039
10781
521
6097
3137
2655
1985
1457
10999
10127
7592
13825
3687
10941
7494
9724
5131
6727
5178
7331
6044
7338
1464
1674
7989
12505
7847
7491
8740
2154
3165
741
13609
816
2171
13406
2964
14073
835
10815
2459
2493
5873
684
3321
9595
6578
2928
365
143
11064
13900
10008
7997
13062
7325
4993
7786
606
4152
13977
3383
13081
8889
454
8061
12292
9606
2162
1235
7332
5990
11997
5277
9862
12913
12044
11524
11008
8072
8525
13192
914
11643
5738
8536
13748
8505
3800
1019
14385
867
3934
13404
11087
3144
7312
14548
5944
3294
10037
4016
14480
3172
10592
4553
13757
5293
10657
6026
14315
177
12487
14888
10795
6376
13428
4223
6585
12838
3982
6192
11015
8710
9303
6333
13244
4472
13671
9410
3241
14017
5356
3871
720
2
3310
6139
133
6319
13232
896
11256
2685
7423
7727
9871
1046
7248
14288
10931
12450
4958
3246
14821
13621
5318
8857
3322
4145
2709
8290
10788
5488
2334
8071
1047
1459
5085
7876
894
3193
902
5146
5530
13782
371
3197
14284
14401
8460
5933
12163
2710
14644
5206
4089
3192
5452
4995
11637
225
763
12978
10352
8420
6599
8236
3181
10092
11202
6923
14327
9408
5422
9281
8808
11443
14561
9614
14431
4912
1053
10864
3765
14243
7129
6667
11823
1809
5055
14602
14529
1782
8512
13998
11415
1958
14826
8304
2483
433
13736
14745
13405
3603
7749
156
2037
8875
5210
1206
618
12658
356
2524
3269
9070
12352
1615
9272
14540
1991
3155
8341
2416
3729
7563
9527
5751
11514
1754
9526
13817
14931
9323
9779
8467

1144280 7556
53
3153
5582
5051
6632
8062
5907
3306
409
10184
1420
1762
10420
5929
1491
3801
1176
607
13803
1413
13568
8781
3018
7105
596
14791
46
12242
176
7345
7661
11516
5877
685
3056
12241
1400
5002
4363
7767
4099
3558
2192
2708
5347
1478
11017
1945
8091
11654
2356
13634
5542
11247
935
12434
15017
5569
11829
2779
6119
12623
599
12047
227
2148
598
14568
6490
14849
5727
3060
11019
11393
11252
2788
1481
13079
13036
1689
6325
1288
4687
6771
7077
1344
5248
1723
5226
1719
7628
1700
6055
14574
1417
14368
4887
5322
13415
13141
12728
2038
11446
402
1264
11975
3691
7677
6386
3550
7128
2535
5384
14952
1194
1970
7235
13770
8309
1110
7162
11413
4800
3976
14487
4681
2913
7666
5596
13951
14183
4695
13316
3410
14239
12890
2618
7662
337
10911
11460
9736
13553
8471
6584
14916
877
2443
4070
3748
4762
6768
12851
9550
14621
4987
3355
10564
6517
3753
7814
12800
623
1657
3068
13017
12495
985
13287
5193
3738
666
9040
686
6002
10904
14331
8427
753
10121
14472
9284
276
12619
1627
4475
11109
8220
12342
369
5463
3047
13737
12365
4773
5557
430
3644
11620
330
10363
4543
10191
538
10418
1090
9497
10375
14052
9191
7915
1847
4632
7691
11157
12861
11362
6843
15002
1982
1625
12574
8902
4990
969
1908
10654
9152
9491
5177
11076
2510
3461
14282
7178
1613
7889
3891
6737
10617
7602
6978
12837
9609
10898
14646
8827
14901
12204
8195
9394
11239
7433
5772
1551
14226
7821
8823
6277
10630
13302
3377
12203
12266
4303
9985
6316
15077
2017
8670
8910
4489
13135
7908
14926
11515
13197
13262
5634
3630
8414
10984
11708
7732
3117
10031
8565
4776
14823
13345
2647
2161
4039
4535
2900
401
4211
14175
2163
10638
12543
12908
8724
4281
10301
10361
8975
9329
2668
4306
6095
3715
5325
6869
4130
13920
9026
13070
1616
9490
1650
10992
14414
14462
4184
6924
7883
15069
10410
1690
10943
5292
11534
15068
11249
982
11691
2379
12265
15078
7658
10626
6833
5831
1786
700
10831
11608
11200
7143
11753
13213
11865
581
12433
656
10494
14698
850
2581
12564
8718
5828
4168
15066
6276
4368
10558
228
1645
4036
1588
10118
13043
10340
8488
8933
7046
8982
7145
14697
10512
7180
4228
7845
12604
1441
11386
2013
10636
3673
7293
11751
3266
11180
4753
4533
2503
2605
361
15067
991
7796
14909
5719
13966
12779
4730
11630
7418
9044
814
9001
7504
748
6785
3542
8739
7642
14
11848
14399
2695
4329
6257
6258
4761
13050
8994
4434
5788
12308
5033
2714
13250
6949
1896
13164
3353
2215
71
59
2200
11198
13306
12057
12435
5660
10866
4718
11260
13184
4018
11465
5161
4178
10833
11391
11782
8715
1158
11453
11802
10624
4531
4045
10762
12592
10606
13226
13356
3966
13353
10305
6443
10740
10060
3019
12569
8872
7578
1394
14755
14829
6916
14083
11900
9436
8632
1666
13349
13243
7657
8579
2751
11850
7819
2145
2723
10112
515
14407
12607
4244
13337
14189
8483
12379
14899
6822
14986
10388
2583
7632
427
3774
11916
4274
11439
7809
2181
3121
5864
14221
15052
2347
9530
13377
14508
8114
5824
2153
13940
13075
10982
9258
1852
6352
3764
10851
11331
11879
5163
13331
13182
13161
2778
7998
13223
7055
14275
11730
7697
10772
13542
13224
9897
11932
7245
6868
11218
11872
7699
8399
8854
7412
9656
4266
9918
10392
2207
8720
10667
4414
15057
10930
7768
2772
2682
6781
5516
7713
5669
11133
4727
12139
10848
7315
14149
6506
5690
12746
6412
13539
9841
1271
7541
6966
4408
10157
6523
10248
4527
14146
9270
9984
9759
12451
2602
1410
10399
7437
3712
3663
6776
6350
12260
11325
2805
1881
2601
8874
2182
7593
12788
6979
10283
3567
9465
10910
2887
668
4741
613
5196
13048
12484
6875
14634
5127
9438
9774
9952
3087
6797
4692
7096
9060
14085
2074
2231
5287
6799
4772
11482
7715
7782
10274
9523
3930
8335
9441
387
5501
11999
6809
4785
6422
5094
3607
14427
10101
14132
13357
3826
3345
10691
1078
5995
9967
759
12562
11639
12436
11702
7698
2411
3782
6921
10048
11251
10721
11316
14723
14430
7441
2673
1604
14996
7904
3906
12024
12652
11324
1582
1179
11065
11540
9780
172
8693
5585
11960
3945
5238
929
11736
3359
5369
1750
11094
3317
592
13416
11072
11117
7
5475
11717
6928
2302
9127
5165
12855
14750
14403
11361
699
510
14562
1216
7620
5504
1905
11397
9320
5166
9442
12940
15058
1643
9787
4871
8342
5731
5544
14312
12979
12701
13575
1061
971
11345
12202
9657
13308
5909
14343
9807
5789
13131
11701
5930
11128
8410
11806
8299
5779
6975
1520
1601
4809
6657
1323
5977
169
3659
14739
8637
11231
7305
5235
13555
620
15020
278
8866
9380
9670
7472
5060
8997
2838
1887
6088
2201
8583
1118
5745
1515
1157
926
14428
5428
450
2036
758
3301
2608
2241
5446
11095
755
12162
3873
14366
2152
13256
5507
4885
14195
5253
9541
8627
3233
14570
9429
7846
6564
12156
13417
6794
4766
9482
13582
5947
9689
13364
1033
562
10454
1892
13740
8364
10084
7952
13366
9461
4751
4914
10903
6586
11336
1328
12103
7078
5680
7663
6789
9299
3186
11169
1170
13458
14181
7009
2683
13521
14934
335
13072
4748
5328
3293
10923
12980
2968
1717
2489
787
11112
13328
13023
7086
13254
5795
10043
151
6660
13943
8747
9125
3867
15023
14655
1220
10270
4399
385
4962
11374
8291
1485
12585
4759
8956
12460
8584
11338
10610
7725
13126
7735
6524
569
1442
2564
2048
11238
14657
14404
6780
2567
1160
3388
8273
4412
3924
7872
7736
2357
2227
7753
8441
2767
5515
6940
4287
12406
4415
14825
1925
4513
2315
6581
14620
5581
10337
4367
2197
3613
4411
357
4077
4019
12905
8208
3071
8311
9767
6116
9886
8674
4691
1437
14505
9201
11669
3745
4317
242
11847
13645
3252
1702
5637
7405
5562
11887
10445
8476
13832
10738
14422
14168
1956
4382
5140
3042
2209
5657
11476
8352
12755
13160
8513
10619
2912
12283
6492
2955
175
7558
8385
13479
14173
83
2156
5564
12334
3938
6214
6310
5722
8466
12680
7536
5183
1882
7752
10531
7759
14171
11842
7594
11213
10099
10758
4176
2022
243
13175
9729
3762
13510
13228
9570
4052
665
11775
1335
10463
12514
1014
5656
2571
3925
4942
6547
2364
10989
11313
8653
3939
4291
1357
4264
3778
7463
7240
11731
15054
8575
13508
7035
11923
11136
14148
3958
1384
10062
13362
3451
5753
9722
12115
6646
14196
11201
13361
3489
8398
1639
10567
13852
14450
8648
7684
13875
11749
441
13172
11990
10810
10809
1483
9710
2870
4085
8258
1711
4929
11945
3076
9727
10983
10773
495
11870
14499
12617
9661
5162
7717
14742
9376
2223
14461
14178
7404
14503
13168
12816
9378
9480
9899
9999
3742
13654
14522
15104
2092
6166
12763
7758
934
3642
7700
7409
14276
6963
7550
9242
2205
7519
2400
11816
8799
9784
14856
9421
4169
10891
10932
2806
14995
3784
305
4208
7000
10009
9685
3109
422
14042
9540
15074
14982
8591
11479
436
5916
10896
5155
12676
13859
3923
2592
8655
8090
9003
14843
12875
2633
9418
8492
14200
4710
10513
9366
1405
8431
14583
2494
14933
13773
10763
5586
2450
9597
10995
2135
11365
3352
8985
9460
7886
7136
5706
5482
11091
13018
3251
4265
12671
8736
13052
5158
11187
7810
9390
6504
7414
10843
7892
9419
12568
11177
5862
4059
14837
4826
8622
7705
9241
6711
51
2054
2562
14177
3984
13639
4774
7199
15072
14684
13865
4840
1593
7874
8634
4736
6782
7399
3844
11681
506
4829
3554
3361
9475
1664
7761
498
6947
304
9417
3605
11477
6164
4843
1003
10847
4380
8654
10134
5030
2225
3368
11957
9880
8457
3619
6623
12571
6810
7465
5062
6816
1202
10893
9232
8734
9449
6848
5703
10171
2549
9693
5652
10889
11807
4258
1570
1037
2188
4283
12889
12581
13191
6960
4304
10726
10447
4381
7964
10729
7956
14541
3516
423
12217
11845
1941
4309
4701
11382
7452
10415
9317
7384
10580
10685
10759
11936
11329
13354
9227
3920
14549
2580
866
10521
9065
10676
15076
6399
12857
1105
12153
11862
7566
12677
4784
7688
7974
7386
1274
4346
12426
1595
4349
2646
6987
8547
8356
7108
10453
11104
775
10223
3679
10621
13148
7292
1665
4857
14542
8783
717
14174
10635
2851
11965
13165
7176
6236
5483
11421
12124
7832
4747
1358
12423
5658
4537
10570
7043
14822
10213
2170
4166
14939
11171
1387
5580
10477
9342
6221
8354
1365
12633
6220
10049
496
6588
4808
8987
8611
10419
13016
12309
2165
5221
3255
7400
283
4038
116
14984
12219
12780
6988
6944
3978
12986
9396
3633
4476
9046
3780
9231
3571
14489
2961
8656
7599
4300
5584
13181
8216
1327
12218
3733
14741
1656
5572
6305
13743
9539
2771
4253
2584
8109
6512
12627
4782
8756
13068
4242
7045
14985
7595
5173
10808
13183
1569
3364
4817
7893
2453
10689
8008
14610
8550
512
4444
13305
13116
10025
4097
8494
14374
11937
3365
4360
13463
7648
7417
14190
1543
2041
10834
11356
4746
3625
4087
1659
8815
14827
6863
8603
7031
6888
8493
7707
8119
13898
3720
7133
9878
10451
8928
12630
4728
8095
9043
6991
10600
2609
3615
8600
7539
4246
5159
6891
10656
11755
6705
11674
487
4550
4798
9224
3316
1438
3902
5915
539
3180
1156
6804
130
3791
12807
9900
5028
12686
622
1895
3559
10514
3612
5946
2850
8977
7714
752
3360
4162
5709
4520
4493
4795
334
248
4331
1436
2811
11
1475
12497
12025
9395
10004
2167
1880
1466
2699
8453
8118
14289
8936
2107
3683
9032
13309
986
14867
9524
8074
4818
1440
11163
11903
14511
6904
10530
11732
12641
895
13051
8152
440
4400
8004
14504
3116
4801
9033
13258
2600
15084
5529
5906
14498
8425
5440
9552
10895
11061
8249
9217
3611
11959
14789
11423
1068
5424
9076
15083
9348
8067
11029
14915
11815
903
3114
10797
191
2445
1909
1619
11764
7868
7900
740
8088
2548
4566
14273
11765
4282
10957
5818
2759
12013
8150
13379
10133
15012
15040
13972
993
1642
11837
10782
7073
4332
9716
4470
9079
8953
11690
4298
2298
4238
10362
1392
4597
7139
2360
14898
3358
1681
7801
2451
6950
10169
12307
4956
7138
2290
7788
811
10110
11291
14322
6583
2081
10645
1768
5799
3580
1776
8725
9534
2594
8905
767
3476
14024
5822
12502
11016
4112
6841
3761
13677
14884
11245
14493
7923
13339
1319
10655
11922
7309
2761
1557
14882
7018
2313
196
11487
1172
10528
4114
11974
7254
8519
13383
7081
6802
4655
12029
13614
11976
4261
792
10820
5914
10323
14870
1933
9319
5825
11137
7951
14973
11955
12898
1675
678
11403
9240
3416
8516
10019
2812
3282
4645
11705
12716
8706
6153
2253
961
5280
1243
5188
11570
9182
6845
416
5778
12126
5631
13931
6081
7763
14272
924
11528
4880
4853
4812
13666
6857
11760
2393
11358
1755
4008
9489
14853
14869
11978
7442
8599
13010
6263
11680
1875
6262
4508
2406
1311
11092
6518
10799
6094
14967
10138
4143
11077
12870
5858
13375
12663
14707
10302
8722
1208
14790
6935
4873
8473
13801
9016
7645
5676
11289
9015
2586
2359
7825
14968
5815
9628
4906
4233
3947
8041
2691
10500
10699
14323
4207
6740
4196
1221
14227
10695
8149
2834
8430
6267
14777
8798
3438
5350
9485
11652
11220
8158
1270
13009
2033
2656
11703
8054
14654
13688
13728
6345
11628
5855
2572
12017
3546
11294
1752
7994
7185
13810
4565
14151
996
2409
10487
703
10801
2279
14286
8678
15011
10523
7112
10535
8596
12656
8440
1386
8212
8999
7317
7481
13295
4350
1130
10428
2610
4931
6231
7251
8047
14878
1778
5427
808
1530
12462
1419
12578
14813
13439
10658
9920
2255
13179
9020
260
3149
832
8971
6253
1219
13605
791
14245
2446
8435
3134
6652
14344
3894
8367
13701
789
1777
11429
8055
5672
1502
14409
6725
2418
8438
12916
2380
12977
9204
12622
9083
5673
2308
14798
13653
7710
212
1746
7264
6619
4998
13980
12317
8015
6019
3863
10152
2795
4372
8098
10953
1407
2746
14651
6973
6866
13628
11146
988
2103
6995
8092
14914
6762
5882
4872
4435
200
8683
7478
131
4113
5135
3020
7268
919
7233
9500
4247
1069
12362
1354
4640
813
8379
3462
5290
10822
5330
8700
690
7207
10400
11193
10745
5984
6703
6892
7488
9215
2769
11181
7109
5874
6911
4507
10131
8184
11224
2333
11927
11158
4633
2111
11056
4609
11761
8366
702
13571
8057
8035
10724
3375
4153
13290
9028
2415
12796
13028
4254
11027
7493
4598
10105
9263
13034
11737
9024
4567
13985
455
14670
10359
10730
7597
13806
7230
11684
3435
12824
10529
8698
11983
10671
10409
5941
806
4680
11981
3551
8742
8576
11431
11720
1376
4501
5755
7982
7158
9594
1548
13974
3037
3084
1504
4652
5256
10034
14358
5739
796
12492
3741
2382
5746
14222
410
13096
11631
12926
3689
14775
793
11581
9564
2071
805
8294
10682
2537
2899
7220
1967
3656
9881
4092
2088
14575
7362
414
145
9958
5626
3179
5261
10014
4720
2766
3174
5535
5986
9136
7114
1589
14389
931
729
7117
5693
2293
7372
944
13588
1994
1764
5678
5894
13774
13587
8397
6331
6358
2142
10818
13969
10569
5
1508
975
948
14258
12921
10033
9929
12655
5106
8085
9955
10516
1692
4957
3135
9494
12600
8106
9960
5349
9522
10631
8392
4460
6226
12389
5430
10629
3527
12806
1590
413
5123
14435
3816
572
14044
5632
14816
7898
5819
8836
7945
14594
11805
9890
6196
1709
7172
14354
8762
14648
525
14848
10030
14351
4617
1507
807
1984
6922
12230
3085
13011
10603
322
7387
5304
7678
9621
6389
11821
5182
5152
13238
14649
3403
13805
9025
2273
1378
7120
11719
10541
12887
4075
1946
4580
12177
5711
8731
7234
7585
4613
12316
12372
6033
6491
14595
6696
5434
13822
8952
13012
6511
794
6266
2377
7485
13321
3100
4387
639
11407
10386
12043
4563
12894
11536
8046
12418
6902
11115
10403
13889
1594
1713
9501
14785
5971
11272
4293
1135
3855
4497
4491
14675
6745
8901
13953
8080
843
1911
11869
438
13101
8305
14808
1862
12116
4556
5240
12030
6981
8838
4445
13350
4546
5870
12356
1859
12624
4192
10883
516
7154
5810
3295
1472
2722
12753
11278
9094
2085
6307
14049
390
8767
13263
7298
3104
10615
261
9153
12228
9139
5176
5550
5885
2792
5341
3647
7303
1748
798
5145
60
4836
12737
8631
9165
9603
8738
5883
11599
5068
5294
6365
14638
6955
14213
5102
1910
6279
973
5137
8316
1621
5114
13481
2921
4232
12427
1150
815
2875
12171
14814
13513
5708
901
78
5865
14320
11961
5109
14663
2502
1581
8402
1223
4115
2246
7397
10040
13407
13918
12736
11521
12625
2143
11028
6730
7798
10641
1242
398
11571
6557
1848
4897
687
14980
14581
6369
9150
13658
1963
1066
12231
7855
6477
147
14442
3330
1022
3881
6213
13963
11351
10465
6275
1009
2099
13632
4462
14067
3337
6488
10659
14018
8581
11473
12459
1712
6250
10180
6912
14265
6867
6366
9146
382
265
13597
12346
4140
6248
769
11105
11240
75
13008
8444
9075
9187
7285
12669
1808
2958
10007
13026
14751
13631
4650
10594
2604
7899
3000
5737
12088
5121
8230
14062
3015
6201
249
3136
5037
2780
12207
217
344
10221
4974
4578
12087
1605
10924
2665
4629
2745
9861
2982
4636
1951
14429
15041
6883
2707
11594
9162
5608
8517
13595
4945
5848
9424
2590
12935
728
13033
11880
2158
4564
5267
14591
3789
3903
5234
5272
11148
5549
4545
4676
7182
12086
3141
4625
5041
1468
13221
14440
5335
11376
3061
6952
10790
12386
2407
12879
11574
349
10103
11769
4927
9330
523
13710
5743
11982
13970
12944
6953
3243
3384
13592
10926
14669
9949
14737
14011
2095
4120
7616
5607
44
12181
2902
13449
8419
7466
3002
14439
34
5074
14596
1028
14485
12461
1523
13694
1790
11666
11302
14362
65
12500
10074
5988
14546
6677
10024
5078
7665
13660
14728
5283
350
12197
12282
2372
11532
1737
9904
840
4209
13739
6682
389
5647
6918
898
12682
6096
1948
10073
9581
13962
3553
2728
9560
14812
2711
8573
9578
2228
6359
7169
1965
14325
10894
12920
9556
5377
14326
13741
14229
3882
505
10027
13108
6487
7060
13438
3073
10993
9866
10195
5943
2249
3146
6713
14886
14817
9922
8572
152
1554
12922
9965
2821
13574
8998
10709
14353
14260
7885
11141
529
6052
3089
13222
12650
800
7429
1545
1682
12437
1494
173
12884
5209
411
5208
14687
11891
6070
8590
10708
14640
12166
6131
13689
6297
7470
6265
4719
8554
11629
4313
6304
4314
8083
5740
12550
29
7328
5896
14058
6239
6241
11542
12373
9612
11615
3398
12274
1731
10095
13109
6726
6031
12035
8075
6312
12452
1526
13317
12381
3093
5887
2628
14721
1031
6004
12065
10692
7004
7115
4557
5611
12038
9163
14048
5288
10053
12927
802
7827
3444
6836
5429
1034
13895
3231
13216
13217
3746
3570
193
9084
11026
1553
10632
1954
6760
2283
456
6049
4874
1796
4330
12992
13402
13252
13435
11592
522
6068
8132
3544
8917
7383
14350
3992
9352
7170
5192
10622
9908
11668
9561
11609
8735
1433
1670
7967
9604
1547
6600
2661
3055
4538
6428
1795
6435
14584
13195
2295
801
4345
7822
7210
1677
14336
3459
8451
7171
9333
13389
4086
10006
7322
8124
12670
14252
818
5718
7200
12608
974
6919
5791
13360
10119
8082
6712
2305
12270
8306
8809
8182
6827
13955
5136
7676
4235
4484
9229
5466
2261
11057
8210
11653
11993
12361
11646
13220
5134
6377
1522
1497
9122
7215
5978
8529
1389
4595
810
15009
4439
4653
2299
10141
13991
10371
13545
13106
8834
2272
13611
2724
1845
10308
14652
6751
12842
15085
13997
209
10723
8037
13981
4237
6464
12548
12819
6460
4582
10139
8121
8044
10162
3856
10339
7149
4216
3876
14246
8553
7116
3651
12764
9071
12912
10318
4878
7897
7316
8496
10480
4397
4030
3421
11227
5047
11860
6208
8330
4396
14298
14890
6202
2138
2713
15056
12143
13911
6347
7864
15081
4877
12094
7085
8741
202
14852
7742
14881
2325
14277
7221
3898
13651
7680
1853
6467
2349
5036
13890
916
4506
13657
12191
7854
6824
2173
12100
8615
11225
14318
13566
7090
10777
1517
8454
14811
14965
252
11221
7647
8614
4588
12368
7730
4852
31
10200
4245
12388
6203
13976
13259
4579
12643
7273
4354
2784
4102
10929
1787
5765
4670
8197
14032
8333
4671
10401
13886
10478
4627
13105
4218
2437
10954
11541
7778
7311
10789
11577
4902
1452
958
10881
7079
2130
7217
7464
2263
5633
8748
6865
13745
7867
14248
4312
13060
5527
15046
12325
11449
13276
782
12954
10618
3836
2208
14907
812
2385
7392
7586
14251
1834
1320
13978
1187
13638
6270
11740
15093
548
6755
8737
1097
4210
10637
7119
192
10210
10674
11226
7225
9504
3102
49
825
5794
10791
10965
5317
11590
6321
6724
12280
9144
7297
6485
11402
4583
14162
6908
10164
2232
1561
8930
8045
1499
13031
10552
4031
1949
8078
6478
13751
5768
11472
10520
12056
1799
979
10384
7148
10129
6571
997
1797
4604
13193
8204
3980
4385
824
10230
1567
14411
10490
15026
12544
7912
91
1841
163
8293
12290
11786
10765
14164
7274
9507
9081
263
10481
12843
8079
12722
14653
12825
14539
1648
10450
3899
6455
11526
2756
4133
11645
5591
2731
14432
1684
10576
7954
11494
10714
10168
10678
7363
12277
537
4243
8571
3842
13174
10181
6446
8684
4573
11610
5787
1920
14957
8087
7044
7902
13426
776
67
7039
15033
6407
2321
9053
8443
1976
8923
15015
364
795
8699
13427
7790
13260
5951
13716
318
11068
66
13261
8552
1334
1299
4437
4161
7067
8947
11292
9289
8514
13024
3933
3897
5829
5836
3904
1372
13670
15091
3543
9244
1798
12313
1788
251
12296
4659
3453
7283
12762
6232
14787
8013
10201
14772
721
14774
1043
14689
4828
4851
14006
2289
15006
8018
2114
3404
10429
959
11992
1373
6735
9177
3949
5355
14513
3478
320
14482
9090
10197
2082
10459
9055
8077
11830
6442
14810
9082
14871
7966
6546
2473
4590
6925
4908
1683
770
6406
2320
998
13399
7184
6465
11828
13121
6834
10611
7969
13279
11586
6414
4509
13776
4479
9168
8518
4621
9145
829
10675
1902
11024
8593
9876
6046
667
1687
922
9627
4666
6840
293
3502
12358
4440
4185
1829
915
14809
2391
13549
8391
12471
4214
9103
246
13391
10884
14494
10311
6899
11284
11116
6322
6702
13602
4623
7064
8680
4574
8243
10555
10209
7196
8186
14851
15036
9113
9169
12642
1851
4525
4452
4215
4307
12081
1136
11509
3732
15032
10578
14650
1804
6242
4010
2988
7216
9102
7689
756
10812
1679
13099
2454
5876
4665
201
1374
1333
14034
2652
8089
3458
1890
10146
3809
7065
6216
14757
4664
13725
12845
4904
8031
1779
10128
2284
2340
1356
10489
4901
4324
11956
3479
397
1071
14398
5534
6229
14005
6880
10247
3717
4575
12729
12662
3548
13988
10466
12221
1233
8412
10430
11843
1226
4886
14228
14770
9195
10145
11090
13089
4591
8594
4322
13676
7296
4861
12833
5089
11165
13092
3868
11447
905
2115
14730
2233
9194
14971
14760
12050
11195
859
4449
9254
12256
2312
1375
13265
8240
14892
13715
6424
14927
8588
1055
4833
4943
4768
7937
13098
9143
5782
4042
710
13612
12096
4672
12596
1471
6597
10102
9105
2991
13965
1489
5426
5766
1267
7601
11817
14261
15082
12827
7479
7326
11398
12493
10488
6874
8196
7127
5090
7772
4642
8242
7762
3506
12519
7193
5801
3419
2309
14703
5175
8058
12049
10855
4862
6873
1516
854
7279
1351
2998
9250
309
10733
9285
284
5857
9245
9291
14900
9251
4898
4116
6741
12369
14868
6592
10584
9197
5477
13303
6224
5343
5180
400
197
10234
13326
2591
7800
8315
14802
7692
2064
14917
3736
11478
3722
2651
2116
10914
7574
10303
3414
2392
12730
13311
11968
5948
15028
7754
6595
5107
10750
10233
647
9087
7459
194
10250
4279
9114
8862
1774
14456
15019
11079
2292
10981
7186
8502
913
6999
13044
10711
1769
4276
7815
88
7835
4188
2488
12835
7017
8253
12554
5157
12553
4841
9096
4361
3245
14788
11951
13718
10235
3649
296
14066
14319
5662
14296
14060
11962
933
13091
14534
12200
7836
14964
11954
4189
3426
2278
12195
4581
9085
3406
8302
10518
3425
13448
13248
4327
2977
10461
1044
14519
3993
14279
1352
2069
3492
9297
14502
12897
11973
6844
14465
6753
4685
12367
3396
11470
10291
12565
4682
1325
8155
4814
12269
11948
2492
6593
10663
1864
2257
7938
14481
6565
8146
11463
5989
15061
13087
6381
8804
6930
14975
2311
3723
206
7275
10287
14688
1978
4572
12862
10510
7001
1363
4933
10109
13246
7840
13119
12157
7930
5038
8145
7094
11788
7299
4539
10497
14667
8650
10960
4379
12523
2578
4358
11625
6459
14080
4610
6739
7582
12572
5436
731
10010
13327
8660
2475
3039
7568
9335
12165
14220
10744
2180
12288
2762
6212
4518
1775
1496
6281
3847
13297
3827
13397
12877
2990
1999
2086
2080
12849
9095
10642
8030
4562
11757
15029
4323
8101
11462
11504
7795
12496
3509
12485
1580
6539
13413
4118
6472
2781
8006
11078
4335
4658
8504
8131
11894
10132
834
8819
7276
12900
5872
1917
9349
2262
6970
7575
9896
2790
5612
403
2579
11929
13355
13811
7776
14720
11747
10175
7107
9511
12511
8996
12829
5814
10351
4837
7051
6832
4780
12187
4750
7543
10100
14661
14943
12127
7502
1379
14234
6252
2736
7723
4980
4618
9206
4605
12276
12556
12111
2010
12555
8851
11781
4571
3744
5976
6732
4638
10491
6264
13376
7093
11493
13662
12621
4977
12552
6746
7903
11320
13460
10237
8816
7099
7144
13461
8688
2172
12182
9398
6861
4949
833
7053
4667
12563
9512
6210
6910
8820
6395
15044
424
8549
10850
8463
6946
4137
7282
7695
11913
1108
12841
9663
2971
11437
9802
14656
5663
15038
8628
5732
9951
5150
10097
13938
4790
5026
7718
9193
2807
7058
9377
10063
5522
1284
12446
15043
11280
6704
3041
1710
6775
14104
13040
12447
12734
10059
10887
2226
724
597
1469
13941
7764
7520
3971
11682
10817
10776
10839
333
6617
3422
6303
8007
9682
11844
11488
2169
9370
5592
3655
15092
1121
7746
2047
2679
2090
3711
2624
3584
7664
8229
4788
11110
15045
1371
9950
10259
5300
2452
10917
11596
425
8587
8346
14765
9265
2965
5968
1842
15111
4093
11964
366
2222
6962
6295
712
9126
12245
11791
11670
9789
3125
4848
7546
1395
1338
3249
14506
8780
13020
8909
6851
0
14722
3254
14301
571
9106
8144
716
4011
3564
3417
12808
9311
268
11748
14291
10280
13286
4941
12121
11838
11868
6998
14106
8221
12113
10143
6644
14569
10990
3220
6543
12522
6647
14090
13982
4318
564
5624
9171
14629
8284
3940
14180
8867
5379
8277
7287
8020
12593
11419
4950
13899
13378
12691
13120
10495
14520
8282
7165
7244
10794
11874
2861
8559
5686
8286
2019
7267
9129
5144
1244
5346
4953
3167
12524
6650
494
9202
13624
5651
6959
13685
5006
12964
340
326
3195
12083
13778
12697
1825
9264
13147
2512
9832
13118
4179
12999
13724
10353
13815
3313
11985
14097
12580
13871
13786
14533
10198
10395
11155
12014
8567
3428
1743
14464
3420
12609
7970
7027
10742
10472
8597
14904
11432
6992
9234
435
7349
7946
415
13652
7014
11549
10212
9230
14556
6054
1493
6673
10668
80
14714
549
8613
6917
224
13140
9827
9327
13066
556
11455
11234
13272
9
10276
8605
302
9669
7679
5437
12612
14386
5674
10422
13229
10673
11704
14218
9120
2946
36
6149
8201
6449
14081
6448
1854
4055
11712
12146
162
6638
8322
5050
8775
9667
3226
3641
6152
12738
13686
13206
281
1883
9822
3892
6634
10780
12501
546
13524
6284
451
13866
5368
14905
9651
11921
2935
13684
7152
48
7379
1826
3864
5729
482
11237
14778
473
10269
9820
3823
5845
9184
11722
500
12941
3963
10214
3464
11499
112
12858
6167
12767
8228
9478
9928
8531
2361
4428
1100
24
11424
10166
3955
13078
10804
7385
7826
3631
6640
6626
14963
4459
492
5420
9365
9766
10088
13903
8776
8468
869
3237
10455
9466
7965
3788
9463
9369
13242
14576
9282
10211
4023
13494
11081
3413
8183
12391
7364
2985
10028
7243
6091
14572
96
3806
11500
11926
4419
12534
9295
5776
11088
13864
11186
9236
13207
11373
6071
1929
5239
12480
1704
14068
9755
10159
9119
3810
9998
1169
104
134
2934
11355
11905
2924
5258
13342
568
4512
595
6654
11344
8180
3239
6637
6328
10986
13014
14936
8276
12611
5017
2014
3154
2018
13231
13408
6680
6481
13519
3879
9749
3177
12995
3449
13369
10115
13284
259
9855
10321
4864
2132
4391
12355
12981
13794
12996
10245
11459
644
1296
10688
11881
8303
4458
3629
2937
5742
12428
13721
11662
13395
3151
10681
3636
2855
10163
8268
10412
3463
459
6183
3880
5259
3405
13667
10238
8265
5604
307
12357
97
11739
7222
6138
2947
6956
11244
9700
2015
8888
13169
13239
109
10229
56
10823
4067
9293
12583
503
3710
6699
8481
8477
12703
2942
10525
9762
1388
14076
6765
4389
13516
9737
6067
7456
3350
10687
13398
8270
3215
13888
8570
3513
13569
4081
7304
7366
6286
11178
14600
4197
5921
4925
4917
701
9459
9057
1474
751
286
9019
1107
14360
5837
7346
8487
1045
11679
168
2950
4515
11337
13532
11686
7533
2027
6042
3218
6107
13705
10256
9062
7636
1870
6989
6402
6075
13881
3098
8893
13146
15005
764
13559
7198
2863
13933
138
1706
10252
6408
2550
6175
10278
11036
14334
7373
10208
3230
3991
13387
8764
39
4429
11971
8199
5202
285
8639
2919
9869
12970
8171
3804
9953
165
10554
4403
8871
10566
4850
14396
14717
6151
4473
14555
2526
10107
10381
12629
1013
13401
1099
14127
10425
9701
2842
2940
12516
8925
9941
9805
4963
375
12405
4807
6909
977
10206
600
3853
4480
11484
2519
2941
12859
9692
9111
10579
4959
4454
5715
532
4199
3465
14390
6174
557
11282
11243
9110
9633
3552
9647
6591
875
3521
7125
6204
13907
8643
4431
3434
9646
12070
13491
11604
873
14512
12719
5042
12091
3815
5945
10282
9069
10096
14310
5629
9813
3524
9936
12490
2001
6130
8618
14172
8159
9775
7839
11673
14194
7824
14019
7122
3240
13114
11797
738
675
1018
13720
13841
1423
9225
20
5458
13957
406
101
7562
7587
1889
13934
2825
14510
4262
12809
1089
1195
6145
12059
267
12006
10189
5826
14330
11333
384
2397
3795
6393
1230
115
13534
7071
4893
7500
317
4544
1434
10080
12488
14347
5912
8459
8458
2084
5337
3470
1070
3263
9858
4946
2435
6535
10354
9439
9798
6656
544
9783
13525
6109
2506
13819
12150
8582
8324
14004
1182
8623
475
4860
13580
1152
164
575
2803
13486
11046
7419
1246
11665
12377
12376
6158
7092
8464
5843
5441
11603
2804
167
6148
511
2854
313
2839
3540
5963
9823
3743
12775
13456
11502
6113
11045
6003
6941
10047
10284
5454
10094
1422
10649
8769
159
10838
9885
12407
3851
2433
1370
14879
1626
3033
13507
11550
11989
12003
3130
1207
4936
13862
5578
2405
4916
8226
1488
4371
13474
14672
10257
1519
2967
8895
14448
11506
14948
4975
11910
11952
13584
14415
9776
1888
13227
5643
3457
1086
5695
2643
119
4278
5503
11025
649
14072
8350
6159
11009
4488
14110
1253
11406
14666
3526
2915
6415
8189
502
8861
694
12968
12637
5364
3290
617
8479
6099
13722
2995
722
8194
6554
14885
14159
11445
6426
6616
12213
5219
4935
5972
13095
12022
11738
11696
3566
9747
1155
8002
10263
14708
4541
270
2918
5034
13829
3158
3376
8730
6285
8951
2869
2350
288
10013
14111
5338
14157
8702
14863
14554
13208
9205
626
9770
669
9331
3201
3582
736
10065
9978
4004
9996
9930
2826
9719
10936
11002
6515
14536
9287
5763
3767
12080
4062
6769
11466
13709
13421
13901
2531
893
8509
8537
10215
6686
6479
6173
11467
3512
13058
9653
14022
7026
743
11902
5644
9968
10194
10373
12464
4951
8787
11119
10003
13180
3467
7975
8991
11920
1939
5296
11777
3194
13177
6993
946
3574
8990
2500
5306
5457
12509
9717
12118
6440
10124
8206
1146
12054
13896
9810
6681
5642
2588
2748
6561
13926
2644
9652
839
7884
1256
4256
12037
12657
2824
6790
9974
3545
13904
1937
7028
4056
11507
2402
9034
745
1992
8177
8176
7308
9994
3549
8972
11111
2952
8486
312
14098
13578
865
9839
1148
12791
14382
14782
6144
8524
1279
11647
11182
6040
688
2785
10289
12521
2252
12936
6082
14223
7033
13340
10677
8606
8469
3274
9471
6470
184
5895
10182
1514
13897
6976
6041
3954
858
1114
9684
9393
12412
8532
1993
5671
3519
9764
9435
7350
3487
7487
12262
5520
11946
4109
5361
8337
8207
7532
7098
10330
15098
6447
6035
5449
11678
11149
13860
6555
13420
58
2345
10483
2267
9969
3145
5309
442
12298
5531
11269
5148
7614
5266
14612
4966
13445
8332
14033
12275
1647
1343
8904
527
11672
9992
6563
12586
2251
3286
1329
9073
14309
2981
14587
5143
2796
7617
42
5940
14552
7054
10604
5514
5500
12338
405
7468
14078
13734
11035
3349
6678
14118
8943
13692
9533
8883
1538
1833
14206
8859
857
12303
2301
13341
10435
837
14626
8899
378
2705
9549
1565
1531
1610
943
13451
5735
11914
13586
3937
6497
11576
5734
2341
11634
12735
2386
14577
13789
4122
11853
486
13469
10969
394
2555
1082
7881
7496
5218
8323
13556
2798
5073
3861
6520
1617
11199
7010
4037
3023
8359
7056
13188
8462
14016
4172
3854
1742
9672
2354
6942
11633
5264
5813
85
1010
6373
226
8360
10774
2412
636
8374
11003
12985
3374
9546
6562
9481
7457
6028
9346
5332
12393
8754
11203
12813
14833
185
5538
13419
3956
12271
13854
7863
6008
14064
6313
4499
7038
8690
12078
1837
9074
6548
7103
14527
8388
2813
10737
8538
5597
8751
10565
1840
1575
146
1532
13363
7953
12349
11547
6965
13771
13484
1816
7871
2335
7701
603
5095
7721
9332
6580
11492
9859
6556
7978
11378
6384
4105
10304
8703
13318
939
3081
3271
6357
1766
1249
14627
4482
2648
1738
9017
11544
1162
8125
12883
12881
978
139
1983
12299
8641
3591
10870
8331
8714
15018
7040
11307
6480
12530
5888
1667
1192
13176
12075
7631
691
9375
10219
1728
11005
7780
12684
11050
5969
1921
1030
10349
10770
408
11066
5903
9942
12395
7238
9411
9181
275
14836
10832
1201
3786
8962
13544
10787
6882
6425
12112
9451
12449
12155
5222
1986
9713
9405
12486
1863
5431
9704
6688
5339
705
3514
5640
9479
13620
13742
8141
6694
14631
12305
1823
6550
443
5375
12787
7201
13797
7564
5003
297
949
10125
13884
11661
13083
14945
10877
7157
3224
4384
1098
8758
7021
13625
7794
8244
10002
10333
310
14665
3569
14537
2474
9445
9758
9432
4136
10344
8608
6066
2747
11508
2589
5265
11118
3285
6719
6572
10300
8491
6133
13133
8048
2062
3969
2457
2444
1463
11100
11856
2490
2280
27
8371
9220
15087
5478
4519
6529
11734
14155
13781
11833
8959
11471
11469
3196
12073
10563
11049
10605
12965
11553
3754
11729
8301
13178
11568
8960
4129
9547
11444
1049
7646
11387
3675
2893
1115
3581
8539
6972
1336
7300
2970
7022
126
10268
5450
7402
7181
11685
5169
8336
10830
4150
5433
12693
1832
2568
254
1699
1177
1353
15097
289
4796
12147
3209
8026
3518
11907
5666
11430
1987
9446
3261
9793
2327
2533
12093
12540
5211
5641
2146
8881
11442
7651
10316
13928
5714
10226
13132
11060
853
14601
6344
11283
14451
11852
13908
6898
7477
8624
9644
5476
12681
3962
11819
12756
13868
3105
14095
9035
582
5523
2242
9248
4847
10609
7555
1210
4250
11412
128
3026
6609
13766
8685
3557
5771
9819
2551
7354
8935
7812
11727
2317
1435
2787
12532
300
10878
11558
7166
657
8191
8839
10751
14476
3848
9634
7622
11537
9937
3206
5291
9005
14457
8375
15096
355
9914
7075
3589
5072
4390
2432
10288
9706
4044
5728
11404
957
6895
5524
6135
7365
14938
1426
11561
11267
2058
10679
3379
2413
4181
12337
7633
3289
4229
5566
4182
1454
9761
9434
2495
783
14564
3262
7623
7862
14137
10275
4341
1753
9252
6932
6537
6441
3348
6450
11013
2829
1231
481
3063
9915
1297
7290
689
6087
12413
1940
11583
21
1942
4048
7944
601
8318
2577
12846
5707
11899
10279
6603
9484
8826
8349
9665
12771
7247
13814
9004
5389
62
11931
12104
9275
9006
3400
3132
12185
11248
8664
3586
14176
9427
7413
4020
1339
12033
9947
12747
9298
3929
6155
14384
2664
11883
11299
2190
11273
35
13629
13849
15099
9887
1757
9816
4690
12726
8224
990
6146
1137
13885
7916
3699
1461
5545
6120
3539
13502
5311
14142
3258
9174
9882
594
13497
9924
4919
5255
6012
12351
643
6622
12071
7630
9573
2150
13596
8254
7036
2569
4040
11448
10948
8151
12404
1428
5911
220
2956
9622
5498
336
3840
1527
9325
11341
2831
9935
5260
10697
4554
1298
749
2686
2715
11901
10739
14116
2367
14069
4362
1487
1872
6948
10949
8157
2801
747
5232
135
2396
14216
2516
13682
15021
9385
2339
13394
13368
2827
12261
14864
13400
6125
3972
3184
8845
1
3004
9995
8848
1894
3707
6170
8558
9751
5229
6330
2056
1313
12853
14607
13642
5555
9189
3866
5839
4336
3188
7756
10285
3189
6997
970
9010
13843
6649
13382
2431
11904
12710
3496
102
9619
13499
14250
6665
3704
9188
673
4392
11191
9038
14126
5679
14290
2374
214
6560
13813
7029
14586
12072
55
6630
462
9980
12962
4721
8165
8564
12067
8563
11279
9782
3491
4863
6360
11371
14158
170
14599
13552
10370
32
10775
4259
11770
3299
5348
98
3865
4854
8842
578
2363
3974
4132
12949
11498
10055
1255
7985
140
12549
2828
11441
12998
4234
6092
1427
5563
12066
13880
7556
12725
8973
9058
2552
12991
553
4104
5474
8383
14664
8665
5699
1306
12152
1355
1251
14314
15094
13680
14208
1534
5962
534
3829
1184
7224
9559
166
3088
9746
10669
4003
446
2672
1885
2270
8752
13001
11179
12458
10135
13330
8261
8423
137
13151
5298
10427
14236
14743
10079
6047
5122
8727
8694
5774
10882
9543
13905
8280
1541
14367
3
6043
10670
3096
3078
12802
13021
8695
14130
9919
508
13529
2948
2043
14473
9993
8484
5502
519
7720
1878
14563
8271
8264
14515
9771
14521
2507
10224
11232
8
4012
12508
12
10345
3091
3344
5289
13139
937
2513
5398
2442
9532
10244
10805
7484
14940
10806
1096
13827
2023
1849
7310
1002
8115
10148
12319
2369
8840
12297
9260
10306
141
9931
222
14579
2035
10456
12120
3485
12069
7522
9278
10067
10856
12392
1151
9829
4404
2890
9618
12672
9645
15035
12321
13381
9738
5537
520
14153
5588
13579
8292
1916
9277
5561
2914
737
5492
5401
11211
4486
5698
8843
10434
12661
766
12888
5056
2075
2936
14123
10314
7712
6641
10499
14471
13820
10327
501
6943
12577
14030
11713
5059
1714
862
10741
14908
2837
12598
13517
10265
2026
5759
105
12587
12972
612
5447
13281
4339
11069
5376
10442
5367
13707
11134
12872
12871
900
11308
4173
11192
2540
12567
3386
14335
1188
5421
12169
1064
927
4705
11456
14819
5890
5416
8447
12795
10044
13490
9676
14531
1147
12765
13891
13515
3022
11107
9115
964
13590
13765
13157
2835
10713
1289
9809
2523
1081
9711
8107
4409
9946
14696
14041
13390
3759
10935
4310
13958
1838
12478
4369
13434
12062
3143
3272
3508
12993
7503
5736
463
14136
3757
5019
2836
3341
6341
12189
1812
6811
5860
5589
12273
9797
13528
12694
11343
12559
2139
4858
8640
11822
8663
12076
14027
8401
9901
3716
6852
6392
3221
4072
3531
5225
3616
5598
2963
4061
10443
2857
2986
9214
6367
8803
11039
9728
12410
9804
2030
4002
9142
7960
9308
12713
6451
13186
5230
4288
6461
5088
3794
9825
2044
570
5832
9414
12840
8884
9613
608
3363
9906
3362
13425
12008
13158
5250
11527
6668
1695
13663
9649
10753
2042
8269
8878
2504
2511
855
8266
14101
13452
12399
8312
12474
3981
1199
14108
6090
629
467
7097
10768
11274
82
1612
7509
4846
14269
9116
5388
5926
13338
10927
13446
13838
3046
6807
4053
4095
3916
14606
13152
10696
4027
11342
2430
12463
12105
6791
4756
6706
12973
14523
8263
11677
2120
8068
3622
2539
3837
4224
11209
14294
12090
14619
3038
10544
13520
7246
3331
11083
4889
13619
8227
4496
1262
13562
11140
1282
236
12591
3440
5186
7236
5126
5726
342
8598
1960
2984
9276
3696
2166
8689
6849
8094
611
8568
3219
8802
1807
3598
1745
10890
4669
11152
5024
4752
12272
8166
545
12797
8162
4163
4308
12961
4804
6817
7615
2288
8521
1139
7523
12468
14355
6786
5354
5307
9221
3600
10151
518
6308
640
663
1278
6513
3932
9997
4831
3989
3666
11259
7445
5194
11142
3264
1818
8846
5574
3623
9101
8705
8978
10756
6536
5758
3216
6528
12960
12074
3291
9831
3739
11266
6433
9345
5093
266
3563
2882
3709
634
11125
8896
7830
5565
14377
1203
14388
12457
2969
12409
5444
1726
10816
5934
14528
9440
5373
10464
10944
13870
3118
6007
9273
11895
13878
13567
14129
13847
6085
6388
6024
9077
5009
8814
154
6494
7962
9748
9426
13683
7811
2525
239
744
11659
14015
11928
1205
6974
5489
11306
3235
9681
1093
10785
4
6025
14452
8170
5682
3909
7933
8750
5008
13482
888
3911
3766
13437
5610
14611
2688
4128
8023
2487
9509
11047
12798
1204
4049
2324
3284
7395
2742
2521
11172
3213
8887
8853
8659
1191
12209
15109
7559
3812
11080
4455
908
12302
11315
5269
17
4357
5655
12031
2909
6122
7329
5270
14140
7510
5438
995
3021
1186
1961
7358
1383
14804
8717
10045
887
8759
14371
1083
9636
3561
4921
3207
3320
324
127
1084
3912
9932
8340
8789
6666
2310
14170
12615
12692
1760
4340
3515
10070
14122
6496
5665
9972
7106
11452
11330
7016
10849
9812
9454
1599
3572
244
3225
10736
11555
4151
5981
9837
9063
14479
5237
1871
5497
5935
13505
7476
8511
6427
12144
6060
7538
2422
8428
2097
10874
9870
8377
2212
4135
5823
14761
3025
5285
9630
1308
3501
13485
19
12635
9874
2783
1537
12425
9631
8760
14120
8370
5359
14166
12225
12122
3998
11799
11236
2529
9635
8541
11173
11573
13204
6161
1398
407
12503
2271
2889
4938
11352
5133
11394
13273
8202
11556
12545
11809
9703
9400
5687
9420
12420
11724
12601
11127
6137
3953
11873
10071
12287
14001
7958
14592
6136
3427
11438
11543
3915
9702
14603
9401
9846
881
14240
1574
3562
2888
4911
3652
13749
10348
693
10249
7434
7501
9864
5980
14210
3908
11554
14759
9637
3182
1868
12060
3324
1922
11768
6590
5301
6143
11395
1247
13867
13984
13313
9402
9707
9666
550
11601
6499
2632
14150
10916
9467
2514
1874
5919
1145
9826
10404
6065
8232
3970
9368
6516
2240
3994
5022
5628
6471
3169
1492
489
10165
11552
11551
6573
3497
1542
5064
9339
8490
1159
2666
7784
8093
8822
2007
8790
9545
150
7596
9386
14590
13853
11014
1763
12517
1652
3790
439
6339
3049
976
2087
6179
6793
6403
10704
9694
9577
3080
12315
8238
8235
2497
10747
5112
2808
11408
8450
1528
2953
9373
13834
11557
13648
14567
1907
6642
5668
6567
3366
9306
1727
6022
9769
5965
9815
9457
1957
2641
2979
3532
10872
9468
12903
1128
9740
3495
10970
7063
3596
5190
14283
3052
13835
3588
1729
1260
5573
6576
5380
256
551
5601
12215
1814
11305
1314
1258
8786
5119
3695
9388
8813
4832
12055
1149
13912
11709
12711
8749
3473
12675
6080
2978
8198
6140
4100
9834
11143
12668
9671
11354
8882
14211
1112
1585
14578
5204
8900
8321
7175
469
7806
12866
7278
11281
8992
8011
478
9525
4969
178
9529
3199
2743
14693
3669
5151
8358
9444
14091
428
7260
5004
5512
8543
9361
7716
14628
8797
1411
11434
12707
2744
4139
9551
5310
12602
2337
9674
14225
15024
2342
12959
2486
12212
1733
7534
3957
5902
2129
5958
5654
5069
4260
9051
9678
13913
11510
14231
4138
3062
13839
6169
3999
14585
14340
6920
4982
11314
7426
960
12799
2749
5005
5128
9589
9271
7406
9528
12793
3445
9785
12674
7770
3302
1691
2344
7961
3785
157
10620
7498
13471
3456
11257
12079
5448
7552
4712
7241
2547
9620
6023
2012
3051
5830
13493
13589
9852
8310
2517
8485
12588
9879
1734
3960
14463
11779
14951
9037
2410
14468
11359
11265
4014
15016
14304
3433
1730
8415
624
12687
4913
14676
6124
7619
8673
7288
3342
2053
2884
14752
3346
13855
11420
8794
3032
12863
8142
7095
10271
9161
14003
5470
7508
11505
9324
4068
5451
4364
5464
4716
14496
9050
2178
12491
14074
3309
664
1065
14678
9099
3730
4295
11271
6317
1947
6126
5757
7766
15008
4964
2096
76
13630
3821
9514
12638
9513
6503
5394
7949
12431
8452
12510
8788
149
879
3728
602
9175
6658
1701
9237
1558
13763
3472
4869
8979
2906
13846
13702
3604
5021
6269
4001
11287
2159
14378
851
563
5594
7674
9970
2774
471
3503
3314
419
8671
654
12444
14232
70
9889
10998
7407
7879
3280
1141
9971
8380
7030
2484
1759
13971
14524
4079
11067
2376
5747
11767
12727
1361
8063
3387
7654
9907
1215
14313
5053
1550
2553
646
5619
619
13644
11587
12294
2754
14293
6398
13487
3777
5400
6180
8941
9172
14280
5518
8052
5067
1673
10644
6009
14622
7852
2060
7613
14861
12148
14379
12560
1393
2121
13946
9966
12278
9580
2793
10918
5066
9903
5521
3990
11699
1606
9705
2818
2544
13712
11004
6410
9239
6558
13772
14061
897
6838
7083
3150
6187
5097
1391
11000
1559
13626
4076
12932
12589
64
7589
11275
5245
233
9587
12718
8528
14383
9167
3160
11489
4498
10011
7670
6074
14352
1636
5167
4017
1303
963
590
12760
1792
7653
7957
2543
12715
2291
9170
1117
3946
10582
8470
7929
5536
2650
5105
7669
4063
7390
3685
352
1254
10783
5954
12525
11512
9944
560
6193
9579
7335
5052
13436
4083
6194
14433
4248
9160
3159
7858
8475
12644
4561
12429
14307
14623
6887
9412
12983
2419
2625
5276
9247
9112
12982
14287
10719
13758
2109
3890
1482
2907
9956
10720
381
838
11589
10996
3498
5899
5540
6255
1988
14055
14887
5635
12917
14671
14281
8768
9296
13570
9047
3382
7584
13546
9558
2703
762
7455
12536
13960
12018
14518
1401
13603
3113
1631
11539
13576
14857
1637
2765
5879
8111
1175
5893
8032
5071
10029
14807
4453
7805
1735
12906
14394
11033
23
13149
8792
7474
13641
2637
5602
5999
5998
1931
3391
4978
3870
11246
746
8257
14484
8307
1817
460
12345
8446
12956
12000
9164
846
2800
6675
2383
3869
4586
10517
891
14580
14507
2640
13693
4316
2755
3389
2735
14375
5413
13788
3678
13604
790
6633
727
13411
12826
7581
6069
12801
12667
1443
68
4492
2999
4972
3318
1906
6181
7319
11580
12246
148
5149
5599
2423
4552
3012
1836
142
6000
14056
2175
12558
14259
11261
12222
822
7514
10406
380
890
635
12984
5866
14860
4997
14702
10423
14417
9430
9584
7518
9505
9754
79
1930
2491
10665
8028
10504
11175
3185
1953
6669
7927
638
10449
8103
1899
