3809
1866 140
204
205
207
208
209
255
256
258
259
260
261
273
16
17
133
134
270
269
268
137
264
265
141
148
149
146
145
144
200
203
202
201
194
192
191
190
189
188
186
185
184
183
182
160
175
161
162
163
174
173
172
168
100
99
98
93
94
80
91
102
103
104
89
81
79
76
75
73
70
67
68
64
116
111
114
115
117
118
61
43
44
45
48
49
50
37
36
39
41
121
177
179
178
156
153
154
124
126
128
26
22
23
14
13
12
11
10
8
9
6
5
4
278
279
0
242
241
240
244
247
249
250
251
231
232
235
234
233
229
228
227
224
222
219
220
217
216
213
211
212

1943 140
187
164
165
166
167
171
170
169
101
92
97
96
95
78
77
74
72
71
69
66
65
85
84
83
82
88
109
90
105
106
107
108
110
112
113
87
86
63
58
57
56
55
54
53
52
51
47
46
59
62
60
42
40
38
35
34
33
32
29
28
27
25
24
15
271
272
274
275
7
276
277
3
1
2
243
248
245
246
239
238
237
236
226
225
223
221
218
215
214
206
210
230
252
253
254
257
262
263
266
138
267
136
135
155
129
130
131
132
18
19
20
21
127
31
30
125
123
122
120
119
157
158
159
181
180
176
151
152
150
139
140
147
142
143
199
198
197
196
195
193
